problem,run,order,trial,time,count,generalizes,lprior,llikelihood,lposterior,trs
"c028",0,4,1,0.123498959,153,true,-16.124462539240522,-0.0010005003335835344,-16.125463039574104,"C = TAIL;"
"c028",0,4,1,0.124309976,157,true,-9.075207697984686,-0.0010005003335835344,-9.07620819831827,"C = TAIL;"
"c028",0,4,2,601.9997999159999,1170184,true,-10.712816487385483,-19.180628928562427,-29.89344541594791,"C = TAIL;"
"c028",0,4,2,602.0200309249999,1170200,true,-16.66345903997321,-12.095234398786213,-28.758693438759423,"C = .(.(IF TRUE) NIL);"
"c028",0,4,2,602.155096695,1170347,true,-11.143599403477937,-0.12239912461093622,-11.265998528088874,".(C v0_) = .(.(CONS .(DIGIT 5)) .(.(CONS .(DIGIT 3)) NIL));"
"c028",0,4,2,602.177321617,1170394,true,-10.450452222917992,-0.12239912461093622,-10.572851347528928,".(C v0_) = .(.(CONS .(DIGIT 5)) .(.(CONS .(DIGIT 3)) NIL));"
"c028",0,4,3,1202.116585495,1849069,true,-10.712816487385483,-38.810584549930404,-49.523401037315885,"C = TAIL;"
"c028",0,4,3,1202.2325481940002,1849116,true,-19.84151287032115,-27.250886140971843,-47.092399011293,"C = .(.(IF FALSE) .(TAIL NIL));"
"c028",0,4,3,1202.233143005,1849117,true,-16.66345903997321,-27.250886140971843,-43.91434518094505,"C = .(.(IF FALSE) NIL);"
"c028",0,4,3,1202.2699124780002,1849136,true,-12.049839799498592,-26.29450615206685,-38.344345951565444,".(C v0_) = .(.(CONS .(DIGIT 5)) .(.(CONS .(DIGIT 3)) NIL));"
"c028",0,4,3,1202.3139518110002,1849182,true,-13.197723137173483,-0.35417079842803634,-13.55189393560152,".(C .(.(CONS .(DIGIT v0_)) .(.(CONS .(DIGIT v1_)) .(.(CONS .(DIGIT v2_)) v3_)))) = .(.(CONS .(DIGIT v0_)) .(.(CONS .(DIGIT v1_)) v3_));"
"c028",0,4,3,1202.327523271,1849197,true,-13.117680429499947,-0.35417079842803634,-13.471851227927983,".(C .(.(CONS .(DIGIT v0_)) .(.(CONS .(DIGIT v1_)) .(v2_ v3_)))) = .(.(CONS .(DIGIT v0_)) .(.(CONS .(DIGIT v1_)) v3_));"
"c028",0,4,3,1202.3361949090001,1849208,true,-11.845045386852577,-0.35417079842803634,-12.199216185280614,".(C .(.(CONS .(DIGIT 5)) .(.(CONS .(DIGIT 3)) .(.(CONS .(DIGIT 0)) NIL)))) = .(.(CONS .(DIGIT 5)) .(.(CONS .(DIGIT 3)) NIL)); .(C v0_) = .(.(CONS .(DIGIT 2)) .(.(CONS .(DIGIT 7)) .(.(CONS .(DIGIT 7)) NIL)));"
"c028",0,4,4,1801.9241353099999,2314561,true,-10.712816487385483,-49.728906663870916,-60.4417231512564,"C = TAIL;"
"c028",0,4,4,1802.033817418,2314604,true,-16.66345903997321,-40.794927183388005,-57.45838622336122,"C = .(.(IF FALSE) NIL);"
"c028",0,4,4,1802.071789136,2314621,true,-7.860185057472165,-0.7113531363527814,-8.571538193824946,".(C .(.(CONS .(DIGIT v0_)) .(.(CONS .(DIGIT v1_)) .(.(CONS .(DIGIT v2_)) v3_)))) = .(.(CONS .(DIGIT v0_)) .(.(CONS .(DIGIT v1_)) v3_));"
"c028",0,4,4,1802.10348703,2314634,true,-7.336936913707618,-0.7113531363527814,-8.048290050060398,".(C .(.(CONS .(DIGIT v0_)) .(.(CONS .(DIGIT v1_)) .(.(CONS .(DIGIT v2_)) v3_)))) = .(.(CONS .(DIGIT v0_)) .(.(CONS .(DIGIT v1_)) v3_));"
"c028",0,4,5,2401.030231726,2583625,true,-26.197620531017034,-69.72327233590667,-95.92089286692371,"C = .(.(.(IF FALSE) .(CONS .(HEAD NIL))) TAIL);"
"c028",0,4,5,2401.03412645,2583627,true,-10.712816487385483,-69.72327233590667,-80.43608882329215,"C = TAIL;"
"c028",0,4,5,2401.1793925399998,2583668,true,-16.66345903997321,-55.057891617333134,-71.72135065730635,"C = .(.(IF FALSE) NIL);"
"c028",0,4,5,2401.222907496,2583683,true,-7.860185057472165,-1.1588583883344998,-9.019043445806664,".(C .(.(CONS .(DIGIT v0_)) .(.(CONS .(DIGIT v1_)) .(.(CONS .(DIGIT v2_)) v3_)))) = .(.(CONS .(DIGIT v0_)) .(.(CONS .(DIGIT v1_)) v3_));"
"c028",0,4,5,2401.300664938,2583708,true,-7.336936913707618,-1.1588583883344998,-8.495795302042117,".(C .(.(CONS .(DIGIT v0_)) .(.(CONS .(DIGIT v1_)) .(.(CONS .(DIGIT v2_)) v3_)))) = .(.(CONS .(DIGIT v0_)) .(.(CONS .(DIGIT v1_)) v3_));"
"c028",0,4,6,3000.972783931,2800956,true,-10.712816487385483,-90.37322158855018,-101.08603807593566,"C = TAIL;"
"c028",0,4,6,3001.171109189,2800997,true,-28.970209253256808,-70.1444270762869,-99.11463632954371,"C = .(.(IF FALSE) .(.(CONS .(HEAD NIL)) .(TAIL NIL)));"
"c028",0,4,6,3001.173737878,2800998,true,-16.66345903997321,-70.1444270762869,-86.80788611626011,"C = .(.(IF FALSE) NIL);"
"c028",0,4,6,3001.235079648,2801012,true,-7.860185057472165,-1.7367868600664509,-9.596971917538616,".(C .(.(CONS .(DIGIT v0_)) .(.(CONS .(DIGIT v1_)) .(.(CONS .(DIGIT v2_)) v3_)))) = .(.(CONS .(DIGIT v0_)) .(.(CONS .(DIGIT v1_)) v3_));"
"c028",0,4,6,3001.36448284,2801037,true,-7.336936913707618,-1.7367868600664509,-9.073723773774068,".(C .(.(CONS .(DIGIT v0_)) .(.(CONS .(DIGIT v1_)) .(.(CONS .(DIGIT v2_)) v3_)))) = .(.(CONS .(DIGIT v0_)) .(.(CONS .(DIGIT v1_)) v3_));"
"c028",0,4,7,3600.825327206,2929001,true,-10.712816487385483,-101.59213601743751,-112.30495250482299,"C = TAIL;"
"c028",0,4,7,3601.0369374379998,2929042,true,-19.84151287032115,-84.96460896545625,-104.8061218357774,"C = .(.(IF FALSE) .(TAIL NIL));"
"c028",0,4,7,3601.040133361,2929043,true,-16.66345903997321,-84.96460896545625,-101.62806800542945,"C = .(.(IF FALSE) NIL);"
"c028",0,4,7,3601.07165593,2929047,true,-21.338621597781334,-71.66020980097096,-92.99883139875229,".(C .(.(CONS .(DIGIT 5)) .(.(CONS .(DIGIT 3)) .(.(CONS .(DIGIT 0)) NIL)))) = .(.(CONS .(DIGIT 5)) .(.(CONS .(DIGIT 3)) NIL)); .(C v0_) = v0_;"
"c028",0,4,7,3601.111911788,2929057,true,-8.060855752934316,-12.959370509962763,-21.02022626289708,".(C .(.(CONS .(DIGIT v0_)) .(.(CONS .(DIGIT v1_)) .(.(CONS .(DIGIT v2_)) v3_)))) = .(.(CONS .(DIGIT v0_)) .(.(CONS .(DIGIT v1_)) v3_)); .(C .(.(CONS .(DIGIT 4)) .(.(CONS .(DIGIT 3)) .(.(CONS .(DIGIT 9)) .(.(CONS .(DIGIT 5)) .(.(CONS .(DIGIT 1)) .(.(CONS .(DIGIT 7)) .(.(CONS .(DIGIT 2)) NIL)))))))) = .(.(CONS .(DIGIT 4)) .(.(CONS .(DIGIT 9)) .(.(CONS .(DIGIT 5)) .(.(CONS .(DIGIT 1)) .(.(CONS .(DIGIT 7)) .(.(CONS .(DIGIT 2)) NIL))))));"
"c028",0,4,7,3601.485926141,2929117,true,-7.655390644826152,-12.959370509962763,-20.614761154788916,".(C .(.(CONS .(DIGIT v0_)) .(.(CONS .(DIGIT v1_)) .(.(CONS .(DIGIT v2_)) v3_)))) = .(.(CONS .(DIGIT v0_)) .(.(CONS .(DIGIT v1_)) v3_)); .(C .(.(CONS .(DIGIT 4)) .(.(CONS .(DIGIT 3)) .(.(CONS .(DIGIT 9)) .(.(CONS .(DIGIT 5)) .(.(CONS .(DIGIT 1)) .(.(CONS .(DIGIT 7)) .(.(CONS .(DIGIT 2)) NIL)))))))) = .(.(CONS .(DIGIT 4)) .(.(CONS .(DIGIT 9)) .(.(CONS .(DIGIT 5)) .(.(CONS .(DIGIT 1)) .(.(CONS .(DIGIT 7)) .(.(CONS .(DIGIT 2)) NIL))))));"
"c028",0,4,7,3602.655915029,2929304,true,-15.13072988139289,-2.4050382255750935,-17.535768106967982,".(C .(.(CONS .(DIGIT 1)) .(.(CONS .(DIGIT 7)) .(.(CONS .(DIGIT 2)) NIL)))) = .(.(CONS .(DIGIT 7)) .(.(CONS .(DIGIT 2)) NIL)); .(C .(.(CONS .(DIGIT 4)) .(.(CONS .(DIGIT 3)) .(.(CONS .(DIGIT 9)) .(.(CONS .(DIGIT 5)) v0_))))) = .(.(CONS .(DIGIT 4)) .(.(CONS .(DIGIT 9)) .(.(CONS .(DIGIT 5)) .(.(CONS .(DIGIT 1)) .(C v0_))))); .(C .(.(CONS .(DIGIT v0_)) .(.(CONS .(DIGIT v1_)) .(.(CONS .(DIGIT v2_)) v3_)))) = .(.(CONS .(DIGIT v0_)) .(.(CONS .(DIGIT v1_)) v3_));"
"c028",0,4,8,4201.175991534,3021770,true,-10.712816487385483,-121.7384798628135,-132.451296350199,"C = TAIL;"
"c028",0,4,8,4201.404175899,3021810,true,-16.66345903997321,-99.31549927991213,-115.97895831988534,"C = .(.(IF FALSE) NIL);"
"c028",0,4,8,4201.502151292,3021828,true,-8.060855752934316,-13.717944768350401,-21.778800521284715,".(C .(.(CONS .(DIGIT v0_)) .(.(CONS .(DIGIT v1_)) .(.(CONS .(DIGIT v2_)) v3_)))) = .(.(CONS .(DIGIT v0_)) .(.(CONS .(DIGIT v1_)) v3_)); .(C .(.(CONS .(DIGIT 4)) .(.(CONS .(DIGIT 3)) .(.(CONS .(DIGIT 9)) .(.(CONS .(DIGIT 5)) .(.(CONS .(DIGIT 1)) .(.(CONS .(DIGIT 7)) .(.(CONS .(DIGIT 2)) NIL)))))))) = .(.(CONS .(DIGIT 4)) .(.(CONS .(DIGIT 9)) .(.(CONS .(DIGIT 5)) .(.(CONS .(DIGIT 1)) .(.(CONS .(DIGIT 7)) .(.(CONS .(DIGIT 2)) NIL))))));"
"c028",0,4,8,4201.847444724,3021878,true,-7.655390644826152,-13.717944768350401,-21.373335413176555,".(C .(.(CONS .(DIGIT v0_)) .(.(CONS .(DIGIT v1_)) .(.(CONS .(DIGIT v2_)) v3_)))) = .(.(CONS .(DIGIT v0_)) .(.(CONS .(DIGIT v1_)) v3_)); .(C .(.(CONS .(DIGIT 4)) .(.(CONS .(DIGIT 3)) .(.(CONS .(DIGIT 9)) .(.(CONS .(DIGIT 5)) .(.(CONS .(DIGIT 1)) .(.(CONS .(DIGIT 7)) .(.(CONS .(DIGIT 2)) NIL)))))))) = .(.(CONS .(DIGIT 4)) .(.(CONS .(DIGIT 9)) .(.(CONS .(DIGIT 5)) .(.(CONS .(DIGIT 1)) .(.(CONS .(DIGIT 7)) .(.(CONS .(DIGIT 2)) NIL))))));"
"c028",0,4,8,4201.935748213999,3021895,true,-15.13072988139289,-3.163612483962731,-18.29434236535562,".(C .(.(CONS .(DIGIT 1)) .(.(CONS .(DIGIT 7)) .(.(CONS .(DIGIT 2)) NIL)))) = NIL; .(C .(.(CONS .(DIGIT 4)) .(.(CONS .(DIGIT 3)) .(.(CONS .(DIGIT 9)) .(.(CONS .(DIGIT 5)) v0_))))) = .(.(CONS .(DIGIT 4)) .(.(CONS .(DIGIT 9)) .(.(CONS .(DIGIT 5)) .(.(CONS .(DIGIT 1)) .(.(CONS .(DIGIT 7)) .(.(CONS .(DIGIT 2)) .(C v0_))))))); .(C .(.(CONS .(DIGIT v0_)) .(.(CONS .(DIGIT v1_)) .(.(CONS .(DIGIT v2_)) v3_)))) = .(.(CONS .(DIGIT v0_)) .(.(CONS .(DIGIT v1_)) v3_));"
"c028",0,4,8,4202.401884789,3021980,true,-13.197723137173483,-3.163612483962731,-16.361335621136213,".(C .(.(CONS .(DIGIT 5)) .(.(CONS .(DIGIT 3)) .(.(CONS .(DIGIT 0)) NIL)))) = .(.(CONS .(DIGIT 5)) .(.(CONS .(DIGIT 3)) NIL)); .(C .(.(CONS .(DIGIT 2)) .(.(CONS .(DIGIT 7)) .(.(CONS .(DIGIT 0)) .(.(CONS .(DIGIT 7)) NIL))))) = .(.(CONS .(DIGIT 2)) .(.(CONS .(DIGIT 7)) .(.(CONS .(DIGIT 7)) NIL))); .(C .(.(CONS .(DIGIT 4)) .(.(CONS .(DIGIT 6)) .(.(CONS .(DIGIT 6)) .(.(CONS .(DIGIT 6)) .(.(CONS .(DIGIT 4)) .(.(CONS .(DIGIT 4)) .(.(CONS .(DIGIT 4)) .(.(CONS .(DIGIT 4)) NIL))))))))) = .(.(CONS .(DIGIT 4)) .(.(CONS .(DIGIT 6)) .(.(CONS .(DIGIT 6)) .(.(CONS .(DIGIT 4)) .(.(CONS .(DIGIT 4)) .(.(CONS .(DIGIT 4)) .(.(CONS .(DIGIT 4)) NIL))))))); .(C .(.(CONS .(DIGIT 7)) .(.(CONS .(DIGIT 8)) .(.(CONS .(DIGIT 6)) .(.(CONS .(DIGIT 1)) .(.(CONS .(DIGIT 2)) NIL)))))) = .(.(CONS .(DIGIT 7)) .(.(CONS .(DIGIT 8)) .(.(CONS .(DIGIT 1)) .(.(CONS .(DIGIT 2)) NIL)))); .(C .(.(CONS .(DIGIT 9)) .(.(CONS .(DIGIT 3)) .(.(CONS .(DIGIT 6)) .(.(CONS .(DIGIT 3)) .(.(CONS .(DIGIT 8)) .(.(CONS .(DIGIT 3)) .(.(CONS .(DIGIT 1)) .(.(CONS .(DIGIT 7)) .(.(CONS .(DIGIT 5)) .(.(CONS .(DIGIT 4)) NIL))))))))))) = .(.(CONS .(DIGIT 9)) .(.(CONS .(DIGIT 3)) .(.(CONS .(DIGIT 3)) .(.(CONS .(DIGIT 8)) .(.(CONS .(DIGIT 3)) .(.(CONS .(DIGIT 1)) .(.(CONS .(DIGIT 7)) .(.(CONS .(DIGIT 5)) .(.(CONS .(DIGIT 4)) NIL))))))))); .(C .(.(CONS .(DIGIT 4)) .(.(CONS .(DIGIT 3)) .(.(CONS .(DIGIT 9)) .(.(CONS .(DIGIT 5)) .(.(CONS .(DIGIT 1)) .(.(CONS .(DIGIT 7)) .(.(CONS .(DIGIT 2)) NIL)))))))) = .(.(CONS .(DIGIT 4)) .(.(CONS .(DIGIT 9)) .(.(CONS .(DIGIT 5)) .(.(CONS .(DIGIT 1)) .(.(CONS .(DIGIT 7)) .(.(CONS .(DIGIT 2)) NIL)))))); .(C .(.(CONS .(DIGIT 5)) .(.(CONS .(DIGIT 8)) .(.(CONS .(DIGIT 1)) .(.(CONS .(DIGIT 0)) NIL))))) = .(.(CONS .(DIGIT 5)) .(.(CONS .(DIGIT 8)) .(.(CONS .(DIGIT 0)) NIL))); C = TAIL;"
"c028",0,4,9,4801.1547059389995,3116748,true,-10.712816487385483,-133.19862463847764,-143.91144112586312,"C = TAIL;"
"c028",0,4,9,4801.434405102999,3116789,true,-23.019566700669092,-113.91460834861422,-136.9341750492833,"C = .(.(IF FALSE) .(TAIL .(TAIL NIL)));"
"c028",0,4,9,4801.447334111999,3116792,true,-16.66345903997321,-113.91460834861422,-130.57806738858744,"C = .(.(IF FALSE) NIL);"
"c028",0,4,9,4801.561031788,3116808,true,-8.060855752934316,-14.606942245232363,-22.667797998166677,".(C .(.(CONS .(DIGIT v0_)) .(.(CONS .(DIGIT v1_)) .(.(CONS .(DIGIT v2_)) v3_)))) = .(.(CONS .(DIGIT v0_)) .(.(CONS .(DIGIT v1_)) v3_)); .(C .(.(CONS .(DIGIT 4)) .(.(CONS .(DIGIT 3)) .(.(CONS .(DIGIT 9)) .(.(CONS .(DIGIT 5)) .(.(CONS .(DIGIT 1)) .(.(CONS .(DIGIT 7)) .(.(CONS .(DIGIT 2)) NIL)))))))) = .(.(CONS .(DIGIT 4)) .(.(CONS .(DIGIT 9)) .(.(CONS .(DIGIT 5)) .(.(CONS .(DIGIT 1)) .(.(CONS .(DIGIT 7)) .(.(CONS .(DIGIT 2)) NIL))))));"
"c028",0,4,9,4801.931092287,3116853,true,-7.655390644826152,-14.606942245232363,-22.262332890058516,".(C .(.(CONS .(DIGIT v0_)) .(.(CONS .(DIGIT v1_)) .(.(CONS .(DIGIT v2_)) v3_)))) = .(.(CONS .(DIGIT v0_)) .(.(CONS .(DIGIT v1_)) v3_)); .(C .(.(CONS .(DIGIT 4)) .(.(CONS .(DIGIT 3)) .(.(CONS .(DIGIT 9)) .(.(CONS .(DIGIT 5)) .(.(CONS .(DIGIT 1)) .(.(CONS .(DIGIT 7)) .(.(CONS .(DIGIT 2)) NIL)))))))) = .(.(CONS .(DIGIT 4)) .(.(CONS .(DIGIT 9)) .(.(CONS .(DIGIT 5)) .(.(CONS .(DIGIT 1)) .(.(CONS .(DIGIT 7)) .(.(CONS .(DIGIT 2)) NIL))))));"
"c028",0,4,9,4802.826234069999,3116976,true,-18.021101639289057,-4.052609961049616,-22.073711600338672,".(C NIL) = .(.(CONS .(DIGIT 2)) NIL); .(C .(.(CONS .(DIGIT 4)) .(.(CONS .(DIGIT 3)) .(.(CONS .(DIGIT 9)) .(.(CONS .(DIGIT 5)) .(.(CONS .(DIGIT 1)) .(.(CONS .(DIGIT 7)) .(.(CONS .(DIGIT 2)) v0_)))))))) = .(.(CONS .(DIGIT 4)) .(.(CONS .(DIGIT 9)) .(.(CONS .(DIGIT 5)) .(.(CONS .(DIGIT 1)) .(.(CONS .(DIGIT 7)) .(C v0_)))))); .(C .(.(CONS .(DIGIT v0_)) .(.(CONS .(DIGIT v1_)) .(.(CONS .(DIGIT v2_)) .(.(CONS .(DIGIT v3_)) v4_))))) = .(.(CONS .(DIGIT v0_)) .(.(CONS .(DIGIT v1_)) .(.(CONS .(DIGIT v3_)) v4_))); .(op26 .(.(CONS .(DIGIT v0_)) .(.(CONS .(DIGIT v1_)) v2_))) = v0_; .(op27 .(.(CONS .(DIGIT v0_)) .(.(CONS .(DIGIT v1_)) v2_))) = v2_; .(C .(.(CONS .(DIGIT 5)) v0_)) = .(.(CONS .(DIGIT 5)) .(.(CONS .(DIGIT .(op26 v0_))) .(op27 v0_)));"
"c028",0,4,9,4803.356287768,3117040,true,-18.00048235208632,-4.052609961049616,-22.053092313135934,".(C NIL) = NIL; .(C .(.(CONS .(DIGIT 4)) .(.(CONS .(DIGIT 3)) .(.(CONS .(DIGIT 9)) .(.(CONS .(DIGIT 5)) .(.(CONS .(DIGIT 1)) .(.(CONS .(DIGIT 7)) .(.(CONS .(DIGIT 2)) v0_)))))))) = .(.(CONS .(DIGIT 4)) .(.(CONS .(DIGIT 9)) .(.(CONS .(DIGIT 5)) .(.(CONS .(DIGIT 1)) .(.(CONS .(DIGIT 7)) .(.(CONS .(DIGIT 2)) .(C v0_))))))); .(C .(.(CONS .(DIGIT v0_)) .(.(CONS .(DIGIT v1_)) .(.(CONS .(DIGIT v2_)) .(.(CONS .(DIGIT v3_)) v4_))))) = .(.(CONS .(DIGIT v0_)) .(.(CONS .(DIGIT v1_)) .(.(CONS .(DIGIT v3_)) v4_))); .(op26 .(.(CONS .(DIGIT v0_)) .(.(CONS .(DIGIT v1_)) v2_))) = v0_; .(op27 .(.(CONS .(DIGIT v0_)) .(.(CONS .(DIGIT v1_)) v2_))) = v2_; .(C .(.(CONS .(DIGIT 5)) v0_)) = .(.(CONS .(DIGIT 5)) .(.(CONS .(DIGIT .(op26 v0_))) .(op27 v0_)));"
"c028",0,4,9,4808.56371515,3117676,true,-15.13072988139289,-4.05260996084469,-19.18333984223758,".(C .(.(CONS .(DIGIT 1)) .(.(CONS .(DIGIT 7)) .(.(CONS .(DIGIT 2)) NIL)))) = NIL; .(C .(.(CONS .(DIGIT 4)) .(.(CONS .(DIGIT 3)) .(.(CONS .(DIGIT 9)) .(.(CONS .(DIGIT 5)) v0_))))) = .(.(CONS .(DIGIT 4)) .(.(CONS .(DIGIT 9)) .(.(CONS .(DIGIT 5)) .(.(CONS .(DIGIT 1)) .(.(CONS .(DIGIT 7)) .(.(CONS .(DIGIT 2)) .(C v0_))))))); .(C .(.(CONS .(DIGIT v0_)) .(.(CONS .(DIGIT v1_)) .(.(CONS .(DIGIT v2_)) v3_)))) = .(.(CONS .(DIGIT v0_)) .(.(CONS .(DIGIT v1_)) v3_));"
"c028",0,4,9,4817.113816444,3118806,true,-13.626652484616613,-4.05260996084469,-17.679262445461305,".(C .(.(CONS .(DIGIT 5)) .(.(CONS .(DIGIT 3)) .(.(CONS .(DIGIT 0)) NIL)))) = .(.(CONS .(DIGIT 5)) .(.(CONS .(DIGIT 3)) NIL)); .(C .(.(CONS .(DIGIT 2)) .(.(CONS .(DIGIT 7)) .(.(CONS .(DIGIT 0)) .(.(CONS .(DIGIT 7)) NIL))))) = .(.(CONS .(DIGIT 2)) .(.(CONS .(DIGIT 7)) .(.(CONS .(DIGIT 7)) NIL))); .(C .(.(CONS .(DIGIT 4)) .(.(CONS .(DIGIT 6)) .(.(CONS .(DIGIT 6)) .(.(CONS .(DIGIT 6)) .(.(CONS .(DIGIT 4)) .(.(CONS .(DIGIT 4)) .(.(CONS .(DIGIT 4)) .(.(CONS .(DIGIT 4)) NIL))))))))) = .(.(CONS .(DIGIT 4)) .(.(CONS .(DIGIT 6)) .(.(CONS .(DIGIT 6)) .(.(CONS .(DIGIT 4)) .(.(CONS .(DIGIT 4)) .(.(CONS .(DIGIT 4)) .(.(CONS .(DIGIT 4)) NIL))))))); .(C .(.(CONS .(DIGIT 7)) .(.(CONS .(DIGIT 8)) .(.(CONS .(DIGIT 6)) .(.(CONS .(DIGIT 1)) .(.(CONS .(DIGIT 2)) NIL)))))) = .(.(CONS .(DIGIT 7)) .(.(CONS .(DIGIT 8)) .(.(CONS .(DIGIT 1)) .(.(CONS .(DIGIT 2)) NIL)))); .(C .(.(CONS .(DIGIT 9)) .(.(CONS .(DIGIT 3)) .(.(CONS .(DIGIT 6)) .(.(CONS .(DIGIT 3)) .(.(CONS .(DIGIT 8)) .(.(CONS .(DIGIT 3)) .(.(CONS .(DIGIT 1)) .(.(CONS .(DIGIT 7)) .(.(CONS .(DIGIT 5)) .(.(CONS .(DIGIT 4)) NIL))))))))))) = .(.(CONS .(DIGIT 9)) .(.(CONS .(DIGIT 3)) .(.(CONS .(DIGIT 3)) .(.(CONS .(DIGIT 8)) .(.(CONS .(DIGIT 3)) .(.(CONS .(DIGIT 1)) .(.(CONS .(DIGIT 7)) .(.(CONS .(DIGIT 5)) .(.(CONS .(DIGIT 4)) NIL))))))))); .(C .(.(CONS .(DIGIT 4)) .(.(CONS .(DIGIT 3)) .(.(CONS .(DIGIT 9)) .(.(CONS .(DIGIT 5)) .(.(CONS .(DIGIT 1)) .(.(CONS .(DIGIT 7)) .(.(CONS .(DIGIT 2)) NIL)))))))) = .(.(CONS .(DIGIT 4)) .(.(CONS .(DIGIT 9)) .(.(CONS .(DIGIT 5)) .(.(CONS .(DIGIT 1)) .(.(CONS .(DIGIT 7)) .(.(CONS .(DIGIT 2)) NIL)))))); .(C .(.(CONS .(DIGIT 5)) .(.(CONS .(DIGIT 8)) .(.(CONS .(DIGIT 1)) .(.(CONS .(DIGIT 0)) NIL))))) = .(.(CONS .(DIGIT 5)) .(.(CONS .(DIGIT 8)) .(.(CONS .(DIGIT 0)) NIL))); .(C v0_) = .(.(CONS .(DIGIT 2)) .(.(CONS .(DIGIT 2)) .(.(CONS .(DIGIT 1)) .(.(CONS .(DIGIT 6)) .(.(CONS .(DIGIT 8)) .(.(CONS .(DIGIT 5)) .(.(CONS .(DIGIT 3)) .(.(CONS .(DIGIT 8)) NIL))))))));"
"c028",0,4,10,5401.084881072999,3191087,true,-10.712816487385483,-144.76435467511658,-155.47717116250206,"C = TAIL;"
"c028",0,4,10,5401.391550034999,3191127,true,-19.84151287032115,-128.70437607107374,-148.54588894139488,"C = .(.(IF FALSE) .(C NIL));"
"c028",0,4,10,5401.401618792,3191129,true,-16.66345903997321,-128.70437607107374,-145.36783511104696,"C = .(.(IF FALSE) NIL);"
"c028",0,4,10,5401.5271315439995,3191145,true,-8.060855752934316,-26.157501924138447,-34.21835767707276,".(C .(.(CONS .(DIGIT v0_)) .(.(CONS .(DIGIT v1_)) .(.(CONS .(DIGIT v2_)) v3_)))) = .(.(CONS .(DIGIT v0_)) .(.(CONS .(DIGIT v1_)) v3_)); .(C .(.(CONS .(DIGIT v0_)) .(.(CONS .(DIGIT v1_)) .(.(CONS .(DIGIT v2_)) .(.(CONS .(DIGIT v3_)) .(.(CONS .(DIGIT v4_)) v5_)))))) = .(.(CONS .(DIGIT v0_)) .(.(CONS .(DIGIT v2_)) .(.(CONS .(DIGIT v3_)) .(.(CONS .(DIGIT v4_)) v5_))));"
"c028",0,4,10,5402.549009201999,3191255,true,-7.655390644826152,-26.157501924138447,-33.8128925689646,".(C .(.(CONS .(DIGIT v0_)) .(.(CONS .(DIGIT v1_)) .(.(CONS .(DIGIT v2_)) v3_)))) = .(.(CONS .(DIGIT v0_)) .(.(CONS .(DIGIT v1_)) v3_)); .(C .(.(CONS .(DIGIT v0_)) .(.(CONS .(DIGIT v1_)) .(.(CONS .(DIGIT v2_)) .(.(CONS .(DIGIT v3_)) .(.(CONS .(DIGIT v4_)) v5_)))))) = .(.(CONS .(DIGIT v0_)) .(.(CONS .(DIGIT v2_)) .(.(CONS .(DIGIT v3_)) .(.(CONS .(DIGIT v4_)) v5_))));"
"c028",0,4,10,5403.124068941,3191316,true,-13.71451384040795,-5.026917786090437,-18.741431626498386,".(C .(.(CONS .(DIGIT 5)) .(.(CONS .(DIGIT 3)) .(.(CONS .(DIGIT 0)) NIL)))) = .(.(CONS .(DIGIT 5)) .(.(CONS .(DIGIT 3)) NIL)); .(C .(.(CONS .(DIGIT 2)) .(.(CONS .(DIGIT 7)) .(.(CONS .(DIGIT 0)) .(.(CONS .(DIGIT 7)) NIL))))) = .(.(CONS .(DIGIT 2)) .(.(CONS .(DIGIT 7)) .(.(CONS .(DIGIT 7)) NIL))); .(C .(.(CONS .(DIGIT 4)) .(.(CONS .(DIGIT 6)) .(.(CONS .(DIGIT 6)) .(.(CONS .(DIGIT 6)) .(.(CONS .(DIGIT 4)) .(.(CONS .(DIGIT 4)) .(.(CONS .(DIGIT 4)) .(.(CONS .(DIGIT 4)) NIL))))))))) = .(.(CONS .(DIGIT 4)) .(.(CONS .(DIGIT 6)) .(.(CONS .(DIGIT 6)) .(.(CONS .(DIGIT 4)) .(.(CONS .(DIGIT 4)) .(.(CONS .(DIGIT 4)) .(.(CONS .(DIGIT 4)) NIL))))))); .(C .(.(CONS .(DIGIT 7)) .(.(CONS .(DIGIT 8)) .(.(CONS .(DIGIT 6)) .(.(CONS .(DIGIT 1)) .(.(CONS .(DIGIT 2)) NIL)))))) = .(.(CONS .(DIGIT 7)) .(.(CONS .(DIGIT 8)) .(.(CONS .(DIGIT 1)) .(.(CONS .(DIGIT 2)) NIL)))); .(C .(.(CONS .(DIGIT 9)) .(.(CONS .(DIGIT 3)) .(.(CONS .(DIGIT 6)) .(.(CONS .(DIGIT 3)) .(.(CONS .(DIGIT 8)) .(.(CONS .(DIGIT 3)) .(.(CONS .(DIGIT 1)) .(.(CONS .(DIGIT 7)) .(.(CONS .(DIGIT 5)) .(.(CONS .(DIGIT 4)) NIL))))))))))) = .(.(CONS .(DIGIT 9)) .(.(CONS .(DIGIT 3)) .(.(CONS .(DIGIT 3)) .(.(CONS .(DIGIT 8)) .(.(CONS .(DIGIT 3)) .(.(CONS .(DIGIT 1)) .(.(CONS .(DIGIT 7)) .(.(CONS .(DIGIT 5)) .(.(CONS .(DIGIT 4)) NIL))))))))); .(C .(.(CONS .(DIGIT 4)) .(.(CONS .(DIGIT 3)) .(.(CONS .(DIGIT 9)) .(.(CONS .(DIGIT 5)) .(.(CONS .(DIGIT 1)) .(.(CONS .(DIGIT 7)) .(.(CONS .(DIGIT 2)) NIL)))))))) = .(.(CONS .(DIGIT 4)) .(.(CONS .(DIGIT 9)) .(.(CONS .(DIGIT 5)) .(.(CONS .(DIGIT 1)) .(.(CONS .(DIGIT 7)) .(.(CONS .(DIGIT 2)) NIL)))))); .(C .(.(CONS .(DIGIT 5)) .(.(CONS .(DIGIT 8)) .(.(CONS .(DIGIT 1)) .(.(CONS .(DIGIT 0)) NIL))))) = .(.(CONS .(DIGIT 5)) .(.(CONS .(DIGIT 8)) .(.(CONS .(DIGIT 0)) NIL))); .(C .(.(CONS .(DIGIT 2)) .(.(CONS .(DIGIT 2)) .(.(CONS .(DIGIT 1)) .(.(CONS .(DIGIT 1)) .(.(CONS .(DIGIT 6)) .(.(CONS .(DIGIT 8)) .(.(CONS .(DIGIT 5)) .(.(CONS .(DIGIT 3)) .(.(CONS .(DIGIT 8)) NIL)))))))))) = .(.(CONS .(DIGIT 2)) .(.(CONS .(DIGIT 2)) .(.(CONS .(DIGIT 1)) .(.(CONS .(DIGIT 6)) .(.(CONS .(DIGIT 8)) .(.(CONS .(DIGIT 5)) .(.(CONS .(DIGIT 3)) .(.(CONS .(DIGIT 8)) NIL)))))))); .(C v0_) = .(.(CONS .(DIGIT 0)) .(.(CONS .(DIGIT 8)) .(.(CONS .(DIGIT 0)) .(.(CONS .(DIGIT 0)) NIL))));"
"c028",0,4,10,5409.891492928,3192177,true,-13.197723137173483,-5.026917786090437,-18.22464092326392,".(C .(.(CONS .(DIGIT 5)) .(.(CONS .(DIGIT 3)) .(.(CONS .(DIGIT 0)) NIL)))) = .(.(CONS .(DIGIT 5)) .(.(CONS .(DIGIT 3)) NIL)); .(C .(.(CONS .(DIGIT 2)) .(.(CONS .(DIGIT 7)) .(.(CONS .(DIGIT 0)) .(.(CONS .(DIGIT 7)) NIL))))) = .(.(CONS .(DIGIT 2)) .(.(CONS .(DIGIT 7)) .(.(CONS .(DIGIT 7)) NIL))); .(C .(.(CONS .(DIGIT 4)) .(.(CONS .(DIGIT 6)) .(.(CONS .(DIGIT 6)) .(.(CONS .(DIGIT 6)) .(.(CONS .(DIGIT 4)) .(.(CONS .(DIGIT 4)) .(.(CONS .(DIGIT 4)) .(.(CONS .(DIGIT 4)) NIL))))))))) = .(.(CONS .(DIGIT 4)) .(.(CONS .(DIGIT 6)) .(.(CONS .(DIGIT 6)) .(.(CONS .(DIGIT 4)) .(.(CONS .(DIGIT 4)) .(.(CONS .(DIGIT 4)) .(.(CONS .(DIGIT 4)) NIL))))))); .(C .(.(CONS .(DIGIT 7)) .(.(CONS .(DIGIT 8)) .(.(CONS .(DIGIT 6)) .(.(CONS .(DIGIT 1)) .(.(CONS .(DIGIT 2)) NIL)))))) = .(.(CONS .(DIGIT 7)) .(.(CONS .(DIGIT 8)) .(.(CONS .(DIGIT 1)) .(.(CONS .(DIGIT 2)) NIL)))); .(C .(.(CONS .(DIGIT 9)) .(.(CONS .(DIGIT 3)) .(.(CONS .(DIGIT 6)) .(.(CONS .(DIGIT 3)) .(.(CONS .(DIGIT 8)) .(.(CONS .(DIGIT 3)) .(.(CONS .(DIGIT 1)) .(.(CONS .(DIGIT 7)) .(.(CONS .(DIGIT 5)) .(.(CONS .(DIGIT 4)) NIL))))))))))) = .(.(CONS .(DIGIT 9)) .(.(CONS .(DIGIT 3)) .(.(CONS .(DIGIT 3)) .(.(CONS .(DIGIT 8)) .(.(CONS .(DIGIT 3)) .(.(CONS .(DIGIT 1)) .(.(CONS .(DIGIT 7)) .(.(CONS .(DIGIT 5)) .(.(CONS .(DIGIT 4)) NIL))))))))); .(C .(.(CONS .(DIGIT 4)) .(.(CONS .(DIGIT 3)) .(.(CONS .(DIGIT 9)) .(.(CONS .(DIGIT 5)) .(.(CONS .(DIGIT 1)) .(.(CONS .(DIGIT 7)) .(.(CONS .(DIGIT 2)) NIL)))))))) = .(.(CONS .(DIGIT 4)) .(.(CONS .(DIGIT 9)) .(.(CONS .(DIGIT 5)) .(.(CONS .(DIGIT 1)) .(.(CONS .(DIGIT 7)) .(.(CONS .(DIGIT 2)) NIL)))))); .(C .(.(CONS .(DIGIT 5)) .(.(CONS .(DIGIT 8)) .(.(CONS .(DIGIT 1)) .(.(CONS .(DIGIT 0)) NIL))))) = .(.(CONS .(DIGIT 5)) .(.(CONS .(DIGIT 8)) .(.(CONS .(DIGIT 0)) NIL))); .(C .(.(CONS .(DIGIT 2)) .(.(CONS .(DIGIT 2)) .(.(CONS .(DIGIT 1)) .(.(CONS .(DIGIT 1)) .(.(CONS .(DIGIT 6)) .(.(CONS .(DIGIT 8)) .(.(CONS .(DIGIT 5)) .(.(CONS .(DIGIT 3)) .(.(CONS .(DIGIT 8)) NIL)))))))))) = .(.(CONS .(DIGIT 2)) .(.(CONS .(DIGIT 2)) .(.(CONS .(DIGIT 1)) .(.(CONS .(DIGIT 6)) .(.(CONS .(DIGIT 8)) .(.(CONS .(DIGIT 5)) .(.(CONS .(DIGIT 3)) .(.(CONS .(DIGIT 8)) NIL)))))))); .(C .(.(CONS .(DIGIT 0)) .(.(CONS .(DIGIT 1)) .(.(CONS .(DIGIT 8)) .(.(CONS .(DIGIT 0)) .(.(CONS .(DIGIT 0)) NIL)))))) = .(.(CONS .(DIGIT 0)) .(.(CONS .(DIGIT 8)) .(.(CONS .(DIGIT 0)) .(.(CONS .(DIGIT 0)) NIL)))); C = TAIL;"
"c028",0,4,11,6001.088518594999,3256234,true,-10.712816487385483,-156.51373103357795,-167.22654752096344,"C = TAIL;"
"c028",0,4,11,6001.462278546999,3256274,true,-16.66345903997321,-144.3177151287339,-160.98117416870713,"C = .(.(IF FALSE) NIL);"
"c028",0,4,11,6001.619076220999,3256292,true,-8.060855752934316,-37.82397101586958,-45.8848267688039,".(C .(.(CONS .(DIGIT v0_)) .(.(CONS .(DIGIT v1_)) .(.(CONS .(DIGIT v2_)) v3_)))) = .(.(CONS .(DIGIT v0_)) .(.(CONS .(DIGIT v1_)) v3_)); .(C .(.(CONS .(DIGIT v0_)) .(.(CONS .(DIGIT v1_)) .(.(CONS .(DIGIT v2_)) .(.(CONS .(DIGIT v3_)) .(.(CONS .(DIGIT v4_)) v5_)))))) = .(.(CONS .(DIGIT v0_)) .(.(CONS .(DIGIT v2_)) .(.(CONS .(DIGIT v3_)) .(.(CONS .(DIGIT v4_)) v5_))));"
"c028",0,4,11,6002.519073752999,3256370,true,-16.6505556351373,-6.131648838829067,-22.782204473966367,".(C .(.(CONS .(DIGIT 2)) .(.(CONS .(DIGIT 7)) .(.(CONS .(DIGIT 0)) .(.(CONS .(DIGIT 7)) NIL))))) = .(.(CONS .(DIGIT 2)) .(.(CONS .(DIGIT 7)) .(.(CONS .(DIGIT 7)) NIL))); .(C .(.(CONS .(DIGIT 4)) .(.(CONS .(DIGIT 6)) .(.(CONS .(DIGIT 6)) .(.(CONS .(DIGIT 6)) .(.(CONS .(DIGIT 4)) .(.(CONS .(DIGIT 4)) .(.(CONS .(DIGIT 4)) .(.(CONS .(DIGIT 4)) NIL))))))))) = .(.(CONS .(DIGIT 4)) .(.(CONS .(DIGIT 6)) .(.(CONS .(DIGIT 6)) .(.(CONS .(DIGIT 4)) .(.(CONS .(DIGIT 4)) .(.(CONS .(DIGIT 4)) .(.(CONS .(DIGIT 4)) NIL))))))); .(C .(.(CONS .(DIGIT 7)) .(.(CONS .(DIGIT 8)) .(.(CONS .(DIGIT 6)) .(.(CONS .(DIGIT 1)) .(.(CONS .(DIGIT 2)) NIL)))))) = .(.(CONS .(DIGIT 7)) .(.(CONS .(DIGIT 8)) .(.(CONS .(DIGIT 1)) .(.(CONS .(DIGIT 2)) NIL)))); .(C .(.(CONS .(DIGIT 9)) .(.(CONS .(DIGIT 3)) .(.(CONS .(DIGIT 6)) .(.(CONS .(DIGIT 3)) .(.(CONS .(DIGIT 8)) .(.(CONS .(DIGIT 3)) .(.(CONS .(DIGIT 1)) .(.(CONS .(DIGIT 7)) .(.(CONS .(DIGIT 5)) .(.(CONS .(DIGIT 4)) NIL))))))))))) = .(.(CONS .(DIGIT 9)) .(.(CONS .(DIGIT 3)) .(.(CONS .(DIGIT 3)) .(.(CONS .(DIGIT 8)) .(.(CONS .(DIGIT 3)) .(.(CONS .(DIGIT 1)) .(.(CONS .(DIGIT 7)) .(.(CONS .(DIGIT 5)) .(.(CONS .(DIGIT 4)) NIL))))))))); .(C .(.(CONS .(DIGIT 4)) .(.(CONS .(DIGIT 3)) .(.(CONS .(DIGIT 9)) .(.(CONS .(DIGIT 5)) .(.(CONS .(DIGIT 1)) .(.(CONS .(DIGIT 7)) .(.(CONS .(DIGIT 2)) NIL)))))))) = .(.(CONS .(DIGIT 4)) .(.(CONS .(DIGIT 9)) .(.(CONS .(DIGIT 5)) .(.(CONS .(DIGIT 1)) .(.(CONS .(DIGIT 7)) .(.(CONS .(DIGIT 2)) NIL)))))); .(C .(.(CONS .(DIGIT 2)) .(.(CONS .(DIGIT 2)) .(.(CONS .(DIGIT 1)) .(.(CONS .(DIGIT 1)) .(.(CONS .(DIGIT 6)) .(.(CONS .(DIGIT 8)) .(.(CONS .(DIGIT 5)) .(.(CONS .(DIGIT 3)) .(.(CONS .(DIGIT 8)) NIL)))))))))) = .(.(CONS .(DIGIT 2)) .(.(CONS .(DIGIT 2)) .(.(CONS .(DIGIT 1)) .(.(CONS .(DIGIT 6)) .(.(CONS .(DIGIT 8)) .(.(CONS .(DIGIT 5)) .(.(CONS .(DIGIT 3)) .(.(CONS .(DIGIT 8)) NIL)))))))); .(C .(.(CONS .(DIGIT 0)) .(.(CONS .(DIGIT 1)) .(.(CONS .(DIGIT 8)) .(.(CONS .(DIGIT 0)) .(.(CONS .(DIGIT 0)) NIL)))))) = .(.(CONS .(DIGIT 0)) .(.(CONS .(DIGIT 8)) .(.(CONS .(DIGIT 0)) .(.(CONS .(DIGIT 0)) NIL)))); .(C .(.(CONS .(DIGIT 1)) .(.(CONS .(DIGIT 8)) .(.(CONS .(DIGIT 5)) .(.(CONS .(DIGIT 4)) .(.(CONS .(DIGIT 3)) .(.(CONS .(DIGIT 2)) .(.(CONS .(DIGIT 0)) .(.(CONS .(DIGIT 6)) .(.(CONS .(DIGIT 7)) .(.(CONS .(DIGIT 9)) NIL))))))))))) = .(.(CONS .(DIGIT 1)) .(.(CONS .(DIGIT 5)) .(.(CONS .(DIGIT 4)) .(.(CONS .(DIGIT 3)) .(.(CONS .(DIGIT 2)) .(.(CONS .(DIGIT 0)) .(.(CONS .(DIGIT 6)) .(.(CONS .(DIGIT 7)) .(.(CONS .(DIGIT 9)) NIL))))))))); .(op26 .(.(CONS .(DIGIT 3)) .(.(CONS .(DIGIT 0)) NIL))) = 3; .(op26 .(.(CONS .(DIGIT 8)) .(.(CONS .(DIGIT 1)) .(.(CONS .(DIGIT 0)) NIL)))) = 8; .(op27 .(.(CONS .(DIGIT 3)) .(.(CONS .(DIGIT 0)) NIL))) = NIL; .(op27 .(.(CONS .(DIGIT 8)) .(.(CONS .(DIGIT 1)) .(.(CONS .(DIGIT 0)) NIL)))) = .(.(CONS .(DIGIT 0)) NIL); .(C .(.(CONS .(DIGIT 5)) v0_)) = .(.(CONS .(DIGIT 5)) .(.(CONS .(DIGIT .(op26 v0_))) .(op27 v0_))); C = TAIL;"
"c028",0,4,11,6020.0822048439995,3257762,true,-13.901497410307716,-6.131648838624142,-20.033146248931857,".(C .(.(CONS .(DIGIT 5)) .(.(CONS .(DIGIT 3)) .(.(CONS .(DIGIT 0)) NIL)))) = .(.(CONS .(DIGIT 5)) .(.(CONS .(DIGIT 3)) NIL)); .(C .(.(CONS .(DIGIT 2)) .(.(CONS .(DIGIT 7)) .(.(CONS .(DIGIT 0)) .(.(CONS .(DIGIT 7)) NIL))))) = .(.(CONS .(DIGIT 2)) .(.(CONS .(DIGIT 7)) .(.(CONS .(DIGIT 7)) NIL))); .(C .(.(CONS .(DIGIT 4)) .(.(CONS .(DIGIT 6)) .(.(CONS .(DIGIT 6)) .(.(CONS .(DIGIT 6)) .(.(CONS .(DIGIT 4)) .(.(CONS .(DIGIT 4)) .(.(CONS .(DIGIT 4)) .(.(CONS .(DIGIT 4)) NIL))))))))) = .(.(CONS .(DIGIT 4)) .(.(CONS .(DIGIT 6)) .(.(CONS .(DIGIT 6)) .(.(CONS .(DIGIT 4)) .(.(CONS .(DIGIT 4)) .(.(CONS .(DIGIT 4)) .(.(CONS .(DIGIT 4)) NIL))))))); .(C .(.(CONS .(DIGIT 7)) .(.(CONS .(DIGIT 8)) .(.(CONS .(DIGIT 6)) .(.(CONS .(DIGIT 1)) .(.(CONS .(DIGIT 2)) NIL)))))) = .(.(CONS .(DIGIT 7)) .(.(CONS .(DIGIT 8)) .(.(CONS .(DIGIT 1)) .(.(CONS .(DIGIT 2)) NIL)))); .(C .(.(CONS .(DIGIT 9)) .(.(CONS .(DIGIT 3)) .(.(CONS .(DIGIT 6)) .(.(CONS .(DIGIT 3)) .(.(CONS .(DIGIT 8)) .(.(CONS .(DIGIT 3)) .(.(CONS .(DIGIT 1)) .(.(CONS .(DIGIT 7)) .(.(CONS .(DIGIT 5)) .(.(CONS .(DIGIT 4)) NIL))))))))))) = .(.(CONS .(DIGIT 9)) .(.(CONS .(DIGIT 3)) .(.(CONS .(DIGIT 3)) .(.(CONS .(DIGIT 8)) .(.(CONS .(DIGIT 3)) .(.(CONS .(DIGIT 1)) .(.(CONS .(DIGIT 7)) .(.(CONS .(DIGIT 5)) .(.(CONS .(DIGIT 4)) NIL))))))))); .(C .(.(CONS .(DIGIT 4)) .(.(CONS .(DIGIT 3)) .(.(CONS .(DIGIT 9)) .(.(CONS .(DIGIT 5)) .(.(CONS .(DIGIT 1)) .(.(CONS .(DIGIT 7)) .(.(CONS .(DIGIT 2)) NIL)))))))) = .(.(CONS .(DIGIT 4)) .(.(CONS .(DIGIT 9)) .(.(CONS .(DIGIT 5)) .(.(CONS .(DIGIT 1)) .(.(CONS .(DIGIT 7)) .(.(CONS .(DIGIT 2)) NIL)))))); .(C .(.(CONS .(DIGIT 5)) .(.(CONS .(DIGIT 8)) .(.(CONS .(DIGIT 1)) .(.(CONS .(DIGIT 0)) NIL))))) = .(.(CONS .(DIGIT 5)) .(.(CONS .(DIGIT 8)) .(.(CONS .(DIGIT 0)) NIL))); .(C .(.(CONS .(DIGIT 2)) .(.(CONS .(DIGIT 2)) .(.(CONS .(DIGIT 1)) .(.(CONS .(DIGIT 1)) .(.(CONS .(DIGIT 6)) .(.(CONS .(DIGIT 8)) .(.(CONS .(DIGIT 5)) .(.(CONS .(DIGIT 3)) .(.(CONS .(DIGIT 8)) NIL)))))))))) = .(.(CONS .(DIGIT 2)) .(.(CONS .(DIGIT 2)) .(.(CONS .(DIGIT 1)) .(.(CONS .(DIGIT 6)) .(.(CONS .(DIGIT 8)) .(.(CONS .(DIGIT 5)) .(.(CONS .(DIGIT 3)) .(.(CONS .(DIGIT 8)) NIL)))))))); .(C .(.(CONS .(DIGIT 0)) .(.(CONS .(DIGIT 1)) .(.(CONS .(DIGIT 8)) .(.(CONS .(DIGIT 0)) .(.(CONS .(DIGIT 0)) NIL)))))) = .(.(CONS .(DIGIT 0)) .(.(CONS .(DIGIT 8)) .(.(CONS .(DIGIT 0)) .(.(CONS .(DIGIT 0)) NIL)))); .(C v0_) = .(.(CONS .(DIGIT 1)) .(.(CONS .(DIGIT 5)) .(.(CONS .(DIGIT 4)) .(.(CONS .(DIGIT 3)) .(.(CONS .(DIGIT 2)) .(.(CONS .(DIGIT 0)) .(.(CONS .(DIGIT 6)) .(.(CONS .(DIGIT 7)) .(.(CONS .(DIGIT 9)) NIL)))))))));"
"c028",1,4,1,0.011272875,53,true,-15.025850250572413,-0.0010005003335835344,-15.026850750905997,"C = .(.(IF TRUE) NIL);"
"c028",1,4,1,0.012671498,73,true,-9.075207697984686,-0.0010005003335835344,-9.07620819831827,"C = TAIL;"
"c028",1,4,2,602.015764638,1178876,true,-10.712816487385483,-19.180628928562427,-29.89344541594791,"C = TAIL;"
"c028",1,4,2,602.13463555,1179015,true,-11.143599403477937,-0.12239912461093622,-11.265998528088874,".(C v0_) = .(.(CONS .(DIGIT 5)) .(.(CONS .(DIGIT 3)) NIL));"
"c028",1,4,2,602.162840598,1179094,true,-10.450452222917992,-0.12239912461093622,-10.572851347528928,".(C v0_) = .(.(CONS .(DIGIT 5)) .(.(CONS .(DIGIT 3)) NIL));"
"c028",1,4,3,1202.180472019,1873964,true,-16.66345903997321,-30.286338908721785,-46.94979794869499,"C = .(.(IF TRUE) NIL);"
"c028",1,4,3,1202.2738492429999,1874024,true,-16.66345903997321,-27.250886140971843,-43.91434518094505,"C = .(.(IF FALSE) NIL);"
"c028",1,4,3,1202.368147216,1874100,true,-11.644374691390427,-26.29450615206685,-37.93888084345728,".(C v0_) = .(.(CONS .(DIGIT 5)) .(.(CONS .(DIGIT 3)) NIL));"
"c028",1,4,3,1202.376545351,1874109,true,-15.803257774750097,-0.35417079842803634,-16.157428573178134,".(C .(.(CONS .(DIGIT 5)) .(.(CONS .(DIGIT 3)) .(.(CONS .(DIGIT 0)) NIL)))) = .(.(CONS .(DIGIT 5)) .(.(CONS .(DIGIT 3)) NIL)); .(C v0_) = .(.(CONS .(DIGIT 2)) .(.(CONS .(DIGIT 7)) .(.(CONS .(DIGIT 7)) NIL)));"
"c028",1,4,3,1202.402689343,1874139,true,-13.197723137173483,-0.35417079842803634,-13.55189393560152,".(C .(.(CONS .(DIGIT v0_)) .(.(CONS .(DIGIT v1_)) .(.(CONS .(DIGIT v2_)) v3_)))) = .(.(CONS .(DIGIT v0_)) .(.(CONS .(DIGIT v1_)) v3_));"
"c028",1,4,3,1202.471117159,1874207,true,-12.935358872705994,-0.35417079842803634,-13.28952967113403,".(C .(.(CONS .(DIGIT v0_)) .(.(CONS .(DIGIT v1_)) .(.(CONS .(DIGIT v2_)) v3_)))) = .(.(CONS .(DIGIT v0_)) .(.(CONS .(DIGIT v1_)) v3_));"
"c028",1,4,3,1202.6672902789999,1874400,true,-11.845045386852577,-0.35417079842803634,-12.199216185280614,".(C .(.(CONS .(DIGIT 5)) .(.(CONS .(DIGIT 3)) .(.(CONS .(DIGIT 0)) NIL)))) = .(.(CONS .(DIGIT 5)) .(.(CONS .(DIGIT 3)) NIL)); .(C v0_) = .(.(CONS .(DIGIT 2)) .(.(CONS .(DIGIT 7)) .(.(CONS .(DIGIT 7)) NIL)));"
"c028",1,4,4,1801.9103593280001,2344094,true,-19.84151287032115,-40.794927183388005,-60.63644005370915,"C = .(.(IF FALSE) .(TAIL NIL));"
"c028",1,4,4,1801.913318016,2344096,true,-10.712816487385483,-49.728906663870916,-60.4417231512564,"C = TAIL;"
"c028",1,4,4,1802.054803393,2344151,true,-16.66345903997321,-40.794927183388005,-57.45838622336122,"C = .(.(IF FALSE) NIL);"
"c028",1,4,4,1802.104482804,2344168,true,-7.860185057472165,-0.7113531363527814,-8.571538193824946,".(C .(.(CONS .(DIGIT v0_)) .(.(CONS .(DIGIT v1_)) .(.(CONS .(DIGIT v2_)) v3_)))) = .(.(CONS .(DIGIT v0_)) .(.(CONS .(DIGIT v1_)) v3_));"
"c028",1,4,4,1802.166282251,2344192,true,-7.336936913707618,-0.7113531363527814,-8.048290050060398,".(C .(.(CONS .(DIGIT v0_)) .(.(CONS .(DIGIT v1_)) .(.(CONS .(DIGIT v2_)) v3_)))) = .(.(CONS .(DIGIT v0_)) .(.(CONS .(DIGIT v1_)) v3_));"
"c028",1,4,5,2400.955888679,2609393,true,-25.179050950022464,-96.94199048804977,-122.12104143807224,"C = .(.(IF .(.(EQUAL IF) IF)) NIL);"
"c028",1,4,5,2400.959653198,2609395,true,-10.712816487385483,-69.72327233590667,-80.43608882329215,"C = TAIL;"
"c028",1,4,5,2401.1175508730003,2609450,true,-16.66345903997321,-55.057891617333134,-71.72135065730635,"C = .(.(IF FALSE) NIL);"
"c028",1,4,5,2401.182982437,2609472,true,-7.4547199493640015,-1.1588583883344998,-8.6135783376985,".(C .(.(CONS .(DIGIT v0_)) .(.(CONS .(DIGIT v1_)) .(.(CONS .(DIGIT v2_)) v3_)))) = .(.(CONS .(DIGIT v0_)) .(.(CONS .(DIGIT v1_)) v3_));"
"c028",1,4,6,3000.841076789,2817394,true,-10.712816487385483,-90.37322158855018,-101.08603807593566,"C = TAIL;"
"c028",1,4,6,3001.0655479439997,2817448,true,-23.019566700669092,-70.1444270762869,-93.16399377695599,"C = .(.(IF FALSE) .(TAIL .(TAIL NIL)));"
"c028",1,4,6,3001.068270508,2817449,true,-16.66345903997321,-70.1444270762869,-86.80788611626011,"C = .(.(IF FALSE) NIL);"
"c028",1,4,6,3001.1367977259997,2817466,true,-7.860185057472165,-1.7367868600664509,-9.596971917538616,".(C .(.(CONS .(DIGIT v0_)) .(.(CONS .(DIGIT v1_)) .(.(CONS .(DIGIT v2_)) v3_)))) = .(.(CONS .(DIGIT v0_)) .(.(CONS .(DIGIT v1_)) v3_));"
"c028",1,4,6,3001.2069323729997,2817482,true,-7.336936913707618,-1.7367868600664509,-9.073723773774068,".(C .(.(CONS .(DIGIT v0_)) .(.(CONS .(DIGIT v1_)) .(.(CONS .(DIGIT v2_)) v3_)))) = .(.(CONS .(DIGIT v0_)) .(.(CONS .(DIGIT v1_)) v3_));"
"c028",1,4,7,3600.765816106,2944092,true,-10.712816487385483,-101.59213601743751,-112.30495250482299,"C = TAIL;"
"c028",1,4,7,3601.0313059869995,2944147,true,-16.66345903997321,-84.96460896545625,-101.62806800542945,"C = .(.(IF FALSE) NIL);"
"c028",1,4,7,3601.1108312359997,2944164,true,-8.060855752934316,-12.959370509962763,-21.02022626289708,".(C .(.(CONS .(DIGIT v0_)) .(.(CONS .(DIGIT v1_)) .(.(CONS .(DIGIT v2_)) v3_)))) = .(.(CONS .(DIGIT v0_)) .(.(CONS .(DIGIT v1_)) v3_)); .(C .(.(CONS .(DIGIT 4)) .(.(CONS .(DIGIT 3)) .(.(CONS .(DIGIT 9)) .(.(CONS .(DIGIT 5)) .(.(CONS .(DIGIT 1)) .(.(CONS .(DIGIT 7)) .(.(CONS .(DIGIT 2)) NIL)))))))) = .(.(CONS .(DIGIT 4)) .(.(CONS .(DIGIT 9)) .(.(CONS .(DIGIT 5)) .(.(CONS .(DIGIT 1)) .(.(CONS .(DIGIT 7)) .(.(CONS .(DIGIT 2)) NIL))))));"
"c028",1,4,7,3601.2412031349995,2944190,true,-7.655390644826152,-12.959370509962763,-20.614761154788916,".(C .(.(CONS .(DIGIT v0_)) .(.(CONS .(DIGIT v1_)) .(.(CONS .(DIGIT v2_)) v3_)))) = .(.(CONS .(DIGIT v0_)) .(.(CONS .(DIGIT v1_)) v3_)); .(C .(.(CONS .(DIGIT 4)) .(.(CONS .(DIGIT 3)) .(.(CONS .(DIGIT 9)) .(.(CONS .(DIGIT 5)) .(.(CONS .(DIGIT 1)) .(.(CONS .(DIGIT 7)) .(.(CONS .(DIGIT 2)) NIL)))))))) = .(.(CONS .(DIGIT 4)) .(.(CONS .(DIGIT 9)) .(.(CONS .(DIGIT 5)) .(.(CONS .(DIGIT 1)) .(.(CONS .(DIGIT 7)) .(.(CONS .(DIGIT 2)) NIL))))));"
"c028",1,4,7,3601.4713677349996,2944230,true,-16.685646954948574,-2.40503822588803,-19.090685180836605,".(C .(.(CONS .(DIGIT 5)) .(.(CONS .(DIGIT 3)) .(.(CONS .(DIGIT 0)) NIL)))) = .(.(CONS .(DIGIT 5)) .(.(CONS .(DIGIT 3)) NIL)); .(C .(.(CONS .(DIGIT 2)) .(.(CONS .(DIGIT 7)) .(.(CONS .(DIGIT 0)) .(.(CONS .(DIGIT 7)) NIL))))) = .(.(CONS .(DIGIT 2)) .(.(CONS .(DIGIT 7)) .(.(CONS .(DIGIT 7)) NIL))); .(C .(.(CONS .(DIGIT 7)) .(.(CONS .(DIGIT 8)) .(.(CONS .(DIGIT 6)) .(.(CONS .(DIGIT 1)) .(.(CONS .(DIGIT 2)) NIL)))))) = .(.(CONS .(DIGIT 7)) .(.(CONS .(DIGIT 8)) .(.(CONS .(DIGIT 1)) .(.(CONS .(DIGIT 2)) NIL)))); .(C .(.(CONS .(DIGIT 9)) .(.(CONS .(DIGIT 3)) .(.(CONS .(DIGIT 6)) .(.(CONS .(DIGIT 3)) .(.(CONS .(DIGIT 8)) .(.(CONS .(DIGIT 3)) .(.(CONS .(DIGIT 1)) .(.(CONS .(DIGIT 7)) .(.(CONS .(DIGIT 5)) .(.(CONS .(DIGIT 4)) NIL))))))))))) = .(.(CONS .(DIGIT 9)) .(.(CONS .(DIGIT 3)) .(.(CONS .(DIGIT 3)) .(.(CONS .(DIGIT 8)) .(.(CONS .(DIGIT 3)) .(.(CONS .(DIGIT 1)) .(.(CONS .(DIGIT 7)) .(.(CONS .(DIGIT 5)) .(.(CONS .(DIGIT 4)) NIL))))))))); .(op26 .(.(CONS .(DIGIT 6)) .(.(CONS .(DIGIT 6)) .(.(CONS .(DIGIT 6)) .(.(CONS .(DIGIT 4)) .(.(CONS .(DIGIT 4)) .(.(CONS .(DIGIT 4)) .(.(CONS .(DIGIT 4)) NIL)))))))) = 6; .(op26 .(.(CONS .(DIGIT 3)) .(.(CONS .(DIGIT 9)) .(.(CONS .(DIGIT 5)) .(.(CONS .(DIGIT 1)) .(.(CONS .(DIGIT 7)) .(.(CONS .(DIGIT 2)) NIL))))))) = 9; .(op27 .(.(CONS .(DIGIT 6)) .(.(CONS .(DIGIT 6)) .(.(CONS .(DIGIT 6)) .(.(CONS .(DIGIT 4)) .(.(CONS .(DIGIT 4)) .(.(CONS .(DIGIT 4)) .(.(CONS .(DIGIT 4)) NIL)))))))) = .(DIGIT 6); .(op27 .(.(CONS .(DIGIT 3)) .(.(CONS .(DIGIT 9)) .(.(CONS .(DIGIT 5)) .(.(CONS .(DIGIT 1)) .(.(CONS .(DIGIT 7)) .(.(CONS .(DIGIT 2)) NIL))))))) = .(DIGIT 5); .(op28 .(.(CONS .(DIGIT 6)) .(.(CONS .(DIGIT 6)) .(.(CONS .(DIGIT 6)) .(.(CONS .(DIGIT 4)) .(.(CONS .(DIGIT 4)) .(.(CONS .(DIGIT 4)) .(.(CONS .(DIGIT 4)) NIL)))))))) = .(.(CONS .(DIGIT 4)) .(.(CONS .(DIGIT 4)) .(.(CONS .(DIGIT 4)) .(.(CONS .(DIGIT 4)) NIL)))); .(op28 .(.(CONS .(DIGIT 3)) .(.(CONS .(DIGIT 9)) .(.(CONS .(DIGIT 5)) .(.(CONS .(DIGIT 1)) .(.(CONS .(DIGIT 7)) .(.(CONS .(DIGIT 2)) NIL))))))) = .(.(CONS .(DIGIT 1)) .(.(CONS .(DIGIT 7)) .(.(CONS .(DIGIT 2)) NIL))); .(C .(.(CONS .(DIGIT 4)) v0_)) = .(.(CONS .(DIGIT 4)) .(.(CONS .(DIGIT .(op26 v0_))) .(.(CONS .(op27 v0_)) .(op28 v0_)))); C = TAIL;"
"c028",1,4,7,3602.434003902,2944395,true,-15.13072988139289,-2.4050382255750935,-17.535768106967982,".(C NIL) = .(.(CONS .(DIGIT 4)) .(.(CONS .(DIGIT 9)) .(.(CONS .(DIGIT 5)) .(.(CONS .(DIGIT 1)) .(.(CONS .(DIGIT 7)) .(.(CONS .(DIGIT 2)) NIL)))))); .(C .(.(CONS .(DIGIT 4)) .(.(CONS .(DIGIT 3)) .(.(CONS .(DIGIT 9)) .(.(CONS .(DIGIT 5)) .(.(CONS .(DIGIT 1)) .(.(CONS .(DIGIT 7)) .(.(CONS .(DIGIT 2)) v0_)))))))) = .(C v0_); .(C .(.(CONS .(DIGIT v0_)) .(.(CONS .(DIGIT v1_)) .(.(CONS .(DIGIT v2_)) v3_)))) = .(.(CONS .(DIGIT v0_)) .(.(CONS .(DIGIT v1_)) v3_));"
"c028",1,4,7,3604.543170563,2944787,true,-13.325271567806672,-2.4050382255750935,-15.730309793381766,".(C .(.(CONS .(DIGIT 5)) .(.(CONS .(DIGIT 3)) .(.(CONS .(DIGIT 0)) NIL)))) = .(.(CONS .(DIGIT 5)) .(.(CONS .(DIGIT 3)) NIL)); .(C .(.(CONS .(DIGIT 2)) .(.(CONS .(DIGIT 7)) .(.(CONS .(DIGIT 0)) .(.(CONS .(DIGIT 7)) NIL))))) = .(.(CONS .(DIGIT 2)) .(.(CONS .(DIGIT 7)) .(.(CONS .(DIGIT 7)) NIL))); .(C .(.(CONS .(DIGIT 4)) .(.(CONS .(DIGIT 6)) .(.(CONS .(DIGIT 6)) .(.(CONS .(DIGIT 6)) .(.(CONS .(DIGIT 4)) .(.(CONS .(DIGIT 4)) .(.(CONS .(DIGIT 4)) .(.(CONS .(DIGIT 4)) NIL))))))))) = .(.(CONS .(DIGIT 4)) .(.(CONS .(DIGIT 6)) .(.(CONS .(DIGIT 6)) .(.(CONS .(DIGIT 4)) .(.(CONS .(DIGIT 4)) .(.(CONS .(DIGIT 4)) .(.(CONS .(DIGIT 4)) NIL))))))); .(C .(.(CONS .(DIGIT 7)) .(.(CONS .(DIGIT 8)) .(.(CONS .(DIGIT 6)) .(.(CONS .(DIGIT 1)) .(.(CONS .(DIGIT 2)) NIL)))))) = .(.(CONS .(DIGIT 7)) .(.(CONS .(DIGIT 8)) .(.(CONS .(DIGIT 1)) .(.(CONS .(DIGIT 2)) NIL)))); .(C .(.(CONS .(DIGIT 9)) .(.(CONS .(DIGIT 3)) .(.(CONS .(DIGIT 6)) .(.(CONS .(DIGIT 3)) .(.(CONS .(DIGIT 8)) .(.(CONS .(DIGIT 3)) .(.(CONS .(DIGIT 1)) .(.(CONS .(DIGIT 7)) .(.(CONS .(DIGIT 5)) .(.(CONS .(DIGIT 4)) NIL))))))))))) = .(.(CONS .(DIGIT 9)) .(.(CONS .(DIGIT 3)) .(.(CONS .(DIGIT 3)) .(.(CONS .(DIGIT 8)) .(.(CONS .(DIGIT 3)) .(.(CONS .(DIGIT 1)) .(.(CONS .(DIGIT 7)) .(.(CONS .(DIGIT 5)) .(.(CONS .(DIGIT 4)) NIL))))))))); .(C v0_) = .(.(CONS .(DIGIT 4)) .(.(CONS .(DIGIT 9)) .(.(CONS .(DIGIT 5)) .(.(CONS .(DIGIT 1)) .(.(CONS .(DIGIT 7)) .(.(CONS .(DIGIT 2)) NIL))))));"
"c028",1,4,7,3614.9776504099996,2946712,true,-13.197723137173483,-2.4050382255750935,-15.602761362748577,".(C .(.(CONS .(DIGIT 5)) .(.(CONS .(DIGIT 3)) .(.(CONS .(DIGIT 0)) NIL)))) = .(.(CONS .(DIGIT 5)) .(.(CONS .(DIGIT 3)) NIL)); .(C .(.(CONS .(DIGIT 2)) .(.(CONS .(DIGIT 7)) .(.(CONS .(DIGIT 0)) .(.(CONS .(DIGIT 7)) NIL))))) = .(.(CONS .(DIGIT 2)) .(.(CONS .(DIGIT 7)) .(.(CONS .(DIGIT 7)) NIL))); .(C .(.(CONS .(DIGIT 4)) .(.(CONS .(DIGIT 6)) .(.(CONS .(DIGIT 6)) .(.(CONS .(DIGIT 6)) .(.(CONS .(DIGIT 4)) .(.(CONS .(DIGIT 4)) .(.(CONS .(DIGIT 4)) .(.(CONS .(DIGIT 4)) NIL))))))))) = .(.(CONS .(DIGIT 4)) .(.(CONS .(DIGIT 6)) .(.(CONS .(DIGIT 6)) .(.(CONS .(DIGIT 4)) .(.(CONS .(DIGIT 4)) .(.(CONS .(DIGIT 4)) .(.(CONS .(DIGIT 4)) NIL))))))); .(C .(.(CONS .(DIGIT 7)) .(.(CONS .(DIGIT 8)) .(.(CONS .(DIGIT 6)) .(.(CONS .(DIGIT 1)) .(.(CONS .(DIGIT 2)) NIL)))))) = .(.(CONS .(DIGIT 7)) .(.(CONS .(DIGIT 8)) .(.(CONS .(DIGIT 1)) .(.(CONS .(DIGIT 2)) NIL)))); .(C .(.(CONS .(DIGIT 9)) .(.(CONS .(DIGIT 3)) .(.(CONS .(DIGIT 6)) .(.(CONS .(DIGIT 3)) .(.(CONS .(DIGIT 8)) .(.(CONS .(DIGIT 3)) .(.(CONS .(DIGIT 1)) .(.(CONS .(DIGIT 7)) .(.(CONS .(DIGIT 5)) .(.(CONS .(DIGIT 4)) NIL))))))))))) = .(.(CONS .(DIGIT 9)) .(.(CONS .(DIGIT 3)) .(.(CONS .(DIGIT 3)) .(.(CONS .(DIGIT 8)) .(.(CONS .(DIGIT 3)) .(.(CONS .(DIGIT 1)) .(.(CONS .(DIGIT 7)) .(.(CONS .(DIGIT 5)) .(.(CONS .(DIGIT 4)) NIL))))))))); .(C .(.(CONS .(DIGIT 4)) .(.(CONS .(DIGIT 3)) .(.(CONS .(DIGIT 9)) .(.(CONS .(DIGIT 5)) .(.(CONS .(DIGIT 1)) .(.(CONS .(DIGIT 7)) .(.(CONS .(DIGIT 2)) NIL)))))))) = .(.(CONS .(DIGIT 4)) .(.(CONS .(DIGIT 9)) .(.(CONS .(DIGIT 5)) .(.(CONS .(DIGIT 1)) .(.(CONS .(DIGIT 7)) .(.(CONS .(DIGIT 2)) NIL)))))); C = TAIL;"
"c028",1,4,8,4201.1733843130005,3043981,true,-10.712816487385483,-121.7384798628135,-132.451296350199,"C = TAIL;"
"c028",1,4,8,4201.456034122,3044036,true,-16.66345903997321,-99.31549927991213,-115.97895831988534,"C = .(.(IF FALSE) NIL);"
"c028",1,4,8,4201.582566239,3044057,true,-8.060855752934316,-13.717944768350401,-21.778800521284715,".(C .(.(CONS .(DIGIT v0_)) .(.(CONS .(DIGIT v1_)) .(.(CONS .(DIGIT v2_)) v3_)))) = .(.(CONS .(DIGIT v0_)) .(.(CONS .(DIGIT v1_)) v3_)); .(C .(.(CONS .(DIGIT 4)) .(.(CONS .(DIGIT 3)) .(.(CONS .(DIGIT 9)) .(.(CONS .(DIGIT 5)) .(.(CONS .(DIGIT 1)) .(.(CONS .(DIGIT 7)) .(.(CONS .(DIGIT 2)) NIL)))))))) = .(.(CONS .(DIGIT 4)) .(.(CONS .(DIGIT 9)) .(.(CONS .(DIGIT 5)) .(.(CONS .(DIGIT 1)) .(.(CONS .(DIGIT 7)) .(.(CONS .(DIGIT 2)) NIL))))));"
"c028",1,4,8,4201.694649846,3044078,true,-7.655390644826152,-13.717944768350401,-21.373335413176555,".(C .(.(CONS .(DIGIT v0_)) .(.(CONS .(DIGIT v1_)) .(.(CONS .(DIGIT v2_)) v3_)))) = .(.(CONS .(DIGIT v0_)) .(.(CONS .(DIGIT v1_)) v3_)); .(C .(.(CONS .(DIGIT 4)) .(.(CONS .(DIGIT 3)) .(.(CONS .(DIGIT 9)) .(.(CONS .(DIGIT 5)) .(.(CONS .(DIGIT 1)) .(.(CONS .(DIGIT 7)) .(.(CONS .(DIGIT 2)) NIL)))))))) = .(.(CONS .(DIGIT 4)) .(.(CONS .(DIGIT 9)) .(.(CONS .(DIGIT 5)) .(.(CONS .(DIGIT 1)) .(.(CONS .(DIGIT 7)) .(.(CONS .(DIGIT 2)) NIL))))));"
"c028",1,4,8,4201.702511071,3044080,true,-13.197723137173483,-3.163612483962731,-16.361335621136213,".(C .(.(CONS .(DIGIT 5)) .(.(CONS .(DIGIT 3)) .(.(CONS .(DIGIT 0)) NIL)))) = .(.(CONS .(DIGIT 5)) .(.(CONS .(DIGIT 3)) NIL)); .(C .(.(CONS .(DIGIT 2)) .(.(CONS .(DIGIT 7)) .(.(CONS .(DIGIT 0)) .(.(CONS .(DIGIT 7)) NIL))))) = .(.(CONS .(DIGIT 2)) .(.(CONS .(DIGIT 7)) .(.(CONS .(DIGIT 7)) NIL))); .(C .(.(CONS .(DIGIT 4)) .(.(CONS .(DIGIT 6)) .(.(CONS .(DIGIT 6)) .(.(CONS .(DIGIT 6)) .(.(CONS .(DIGIT 4)) .(.(CONS .(DIGIT 4)) .(.(CONS .(DIGIT 4)) .(.(CONS .(DIGIT 4)) NIL))))))))) = .(.(CONS .(DIGIT 4)) .(.(CONS .(DIGIT 6)) .(.(CONS .(DIGIT 6)) .(.(CONS .(DIGIT 4)) .(.(CONS .(DIGIT 4)) .(.(CONS .(DIGIT 4)) .(.(CONS .(DIGIT 4)) NIL))))))); .(C .(.(CONS .(DIGIT 7)) .(.(CONS .(DIGIT 8)) .(.(CONS .(DIGIT 6)) .(.(CONS .(DIGIT 1)) .(.(CONS .(DIGIT 2)) NIL)))))) = .(.(CONS .(DIGIT 7)) .(.(CONS .(DIGIT 8)) .(.(CONS .(DIGIT 1)) .(.(CONS .(DIGIT 2)) NIL)))); .(C .(.(CONS .(DIGIT 9)) .(.(CONS .(DIGIT 3)) .(.(CONS .(DIGIT 6)) .(.(CONS .(DIGIT 3)) .(.(CONS .(DIGIT 8)) .(.(CONS .(DIGIT 3)) .(.(CONS .(DIGIT 1)) .(.(CONS .(DIGIT 7)) .(.(CONS .(DIGIT 5)) .(.(CONS .(DIGIT 4)) NIL))))))))))) = .(.(CONS .(DIGIT 9)) .(.(CONS .(DIGIT 3)) .(.(CONS .(DIGIT 3)) .(.(CONS .(DIGIT 8)) .(.(CONS .(DIGIT 3)) .(.(CONS .(DIGIT 1)) .(.(CONS .(DIGIT 7)) .(.(CONS .(DIGIT 5)) .(.(CONS .(DIGIT 4)) NIL))))))))); .(C .(.(CONS .(DIGIT 4)) .(.(CONS .(DIGIT 3)) .(.(CONS .(DIGIT 9)) .(.(CONS .(DIGIT 5)) .(.(CONS .(DIGIT 1)) .(.(CONS .(DIGIT 7)) .(.(CONS .(DIGIT 2)) NIL)))))))) = .(.(CONS .(DIGIT 4)) .(.(CONS .(DIGIT 9)) .(.(CONS .(DIGIT 5)) .(.(CONS .(DIGIT 1)) .(.(CONS .(DIGIT 7)) .(.(CONS .(DIGIT 2)) NIL)))))); .(C .(.(CONS .(DIGIT 5)) .(.(CONS .(DIGIT 8)) .(.(CONS .(DIGIT 1)) .(.(CONS .(DIGIT 0)) NIL))))) = .(.(CONS .(DIGIT 5)) .(.(CONS .(DIGIT 8)) .(.(CONS .(DIGIT 0)) NIL))); C = TAIL;"
"c028",1,4,9,4801.091824696,3139161,true,-10.712816487385483,-133.19862463847764,-143.91144112586312,"C = TAIL;"
"c028",1,4,9,4801.416315354,3139215,true,-16.66345903997321,-113.91460834861422,-130.57806738858744,"C = .(.(IF FALSE) NIL);"
"c028",1,4,9,4801.57555552,3139237,true,-8.060855752934316,-14.606942245232363,-22.667797998166677,".(C .(.(CONS .(DIGIT v0_)) .(.(CONS .(DIGIT v1_)) .(.(CONS .(DIGIT v2_)) v3_)))) = .(.(CONS .(DIGIT v0_)) .(.(CONS .(DIGIT v1_)) v3_)); .(C .(.(CONS .(DIGIT 4)) .(.(CONS .(DIGIT 3)) .(.(CONS .(DIGIT 9)) .(.(CONS .(DIGIT 5)) .(.(CONS .(DIGIT 1)) .(.(CONS .(DIGIT 7)) .(.(CONS .(DIGIT 2)) NIL)))))))) = .(.(CONS .(DIGIT 4)) .(.(CONS .(DIGIT 9)) .(.(CONS .(DIGIT 5)) .(.(CONS .(DIGIT 1)) .(.(CONS .(DIGIT 7)) .(.(CONS .(DIGIT 2)) NIL))))));"
"c028",1,4,9,4801.728628049,3139257,true,-7.655390644826152,-14.606942245232363,-22.262332890058516,".(C .(.(CONS .(DIGIT v0_)) .(.(CONS .(DIGIT v1_)) .(.(CONS .(DIGIT v2_)) v3_)))) = .(.(CONS .(DIGIT v0_)) .(.(CONS .(DIGIT v1_)) v3_)); .(C .(.(CONS .(DIGIT 4)) .(.(CONS .(DIGIT 3)) .(.(CONS .(DIGIT 9)) .(.(CONS .(DIGIT 5)) .(.(CONS .(DIGIT 1)) .(.(CONS .(DIGIT 7)) .(.(CONS .(DIGIT 2)) NIL)))))))) = .(.(CONS .(DIGIT 4)) .(.(CONS .(DIGIT 9)) .(.(CONS .(DIGIT 5)) .(.(CONS .(DIGIT 1)) .(.(CONS .(DIGIT 7)) .(.(CONS .(DIGIT 2)) NIL))))));"
"c028",1,4,9,4801.803153527,3139268,true,-13.626652484616613,-4.05260996084469,-17.679262445461305,".(C .(.(CONS .(DIGIT 5)) .(.(CONS .(DIGIT 3)) .(.(CONS .(DIGIT 0)) NIL)))) = .(.(CONS .(DIGIT 5)) .(.(CONS .(DIGIT 3)) NIL)); .(C .(.(CONS .(DIGIT 2)) .(.(CONS .(DIGIT 7)) .(.(CONS .(DIGIT 0)) .(.(CONS .(DIGIT 7)) NIL))))) = .(.(CONS .(DIGIT 2)) .(.(CONS .(DIGIT 7)) .(.(CONS .(DIGIT 7)) NIL))); .(C .(.(CONS .(DIGIT 4)) .(.(CONS .(DIGIT 6)) .(.(CONS .(DIGIT 6)) .(.(CONS .(DIGIT 6)) .(.(CONS .(DIGIT 4)) .(.(CONS .(DIGIT 4)) .(.(CONS .(DIGIT 4)) .(.(CONS .(DIGIT 4)) NIL))))))))) = .(.(CONS .(DIGIT 4)) .(.(CONS .(DIGIT 6)) .(.(CONS .(DIGIT 6)) .(.(CONS .(DIGIT 4)) .(.(CONS .(DIGIT 4)) .(.(CONS .(DIGIT 4)) .(.(CONS .(DIGIT 4)) NIL))))))); .(C .(.(CONS .(DIGIT 7)) .(.(CONS .(DIGIT 8)) .(.(CONS .(DIGIT 6)) .(.(CONS .(DIGIT 1)) .(.(CONS .(DIGIT 2)) NIL)))))) = .(.(CONS .(DIGIT 7)) .(.(CONS .(DIGIT 8)) .(.(CONS .(DIGIT 1)) .(.(CONS .(DIGIT 2)) NIL)))); .(C .(.(CONS .(DIGIT 9)) .(.(CONS .(DIGIT 3)) .(.(CONS .(DIGIT 6)) .(.(CONS .(DIGIT 3)) .(.(CONS .(DIGIT 8)) .(.(CONS .(DIGIT 3)) .(.(CONS .(DIGIT 1)) .(.(CONS .(DIGIT 7)) .(.(CONS .(DIGIT 5)) .(.(CONS .(DIGIT 4)) NIL))))))))))) = .(.(CONS .(DIGIT 9)) .(.(CONS .(DIGIT 3)) .(.(CONS .(DIGIT 3)) .(.(CONS .(DIGIT 8)) .(.(CONS .(DIGIT 3)) .(.(CONS .(DIGIT 1)) .(.(CONS .(DIGIT 7)) .(.(CONS .(DIGIT 5)) .(.(CONS .(DIGIT 4)) NIL))))))))); .(C .(.(CONS .(DIGIT 4)) .(.(CONS .(DIGIT 3)) .(.(CONS .(DIGIT 9)) .(.(CONS .(DIGIT 5)) .(.(CONS .(DIGIT 1)) .(.(CONS .(DIGIT 7)) .(.(CONS .(DIGIT 2)) NIL)))))))) = .(.(CONS .(DIGIT 4)) .(.(CONS .(DIGIT 9)) .(.(CONS .(DIGIT 5)) .(.(CONS .(DIGIT 1)) .(.(CONS .(DIGIT 7)) .(.(CONS .(DIGIT 2)) NIL)))))); .(C .(.(CONS .(DIGIT 5)) .(.(CONS .(DIGIT 8)) .(.(CONS .(DIGIT 1)) .(.(CONS .(DIGIT 0)) NIL))))) = .(.(CONS .(DIGIT 5)) .(.(CONS .(DIGIT 8)) .(.(CONS .(DIGIT 0)) NIL))); .(C v0_) = .(.(CONS .(DIGIT 2)) .(.(CONS .(DIGIT 2)) .(.(CONS .(DIGIT 1)) .(.(CONS .(DIGIT 6)) .(.(CONS .(DIGIT 8)) .(.(CONS .(DIGIT 5)) .(.(CONS .(DIGIT 3)) .(.(CONS .(DIGIT 8)) NIL))))))));"
"c028",1,4,9,4832.133869337,3143323,true,-13.197723137173483,-4.05260996084469,-17.250333098018174,".(C .(.(CONS .(DIGIT 5)) .(.(CONS .(DIGIT 3)) .(.(CONS .(DIGIT 0)) NIL)))) = .(.(CONS .(DIGIT 5)) .(.(CONS .(DIGIT 3)) NIL)); .(C .(.(CONS .(DIGIT 2)) .(.(CONS .(DIGIT 7)) .(.(CONS .(DIGIT 0)) .(.(CONS .(DIGIT 7)) NIL))))) = .(.(CONS .(DIGIT 2)) .(.(CONS .(DIGIT 7)) .(.(CONS .(DIGIT 7)) NIL))); .(C .(.(CONS .(DIGIT 4)) .(.(CONS .(DIGIT 6)) .(.(CONS .(DIGIT 6)) .(.(CONS .(DIGIT 6)) .(.(CONS .(DIGIT 4)) .(.(CONS .(DIGIT 4)) .(.(CONS .(DIGIT 4)) .(.(CONS .(DIGIT 4)) NIL))))))))) = .(.(CONS .(DIGIT 4)) .(.(CONS .(DIGIT 6)) .(.(CONS .(DIGIT 6)) .(.(CONS .(DIGIT 4)) .(.(CONS .(DIGIT 4)) .(.(CONS .(DIGIT 4)) .(.(CONS .(DIGIT 4)) NIL))))))); .(C .(.(CONS .(DIGIT 7)) .(.(CONS .(DIGIT 8)) .(.(CONS .(DIGIT 6)) .(.(CONS .(DIGIT 1)) .(.(CONS .(DIGIT 2)) NIL)))))) = .(.(CONS .(DIGIT 7)) .(.(CONS .(DIGIT 8)) .(.(CONS .(DIGIT 1)) .(.(CONS .(DIGIT 2)) NIL)))); .(C .(.(CONS .(DIGIT 9)) .(.(CONS .(DIGIT 3)) .(.(CONS .(DIGIT 6)) .(.(CONS .(DIGIT 3)) .(.(CONS .(DIGIT 8)) .(.(CONS .(DIGIT 3)) .(.(CONS .(DIGIT 1)) .(.(CONS .(DIGIT 7)) .(.(CONS .(DIGIT 5)) .(.(CONS .(DIGIT 4)) NIL))))))))))) = .(.(CONS .(DIGIT 9)) .(.(CONS .(DIGIT 3)) .(.(CONS .(DIGIT 3)) .(.(CONS .(DIGIT 8)) .(.(CONS .(DIGIT 3)) .(.(CONS .(DIGIT 1)) .(.(CONS .(DIGIT 7)) .(.(CONS .(DIGIT 5)) .(.(CONS .(DIGIT 4)) NIL))))))))); .(C .(.(CONS .(DIGIT 4)) .(.(CONS .(DIGIT 3)) .(.(CONS .(DIGIT 9)) .(.(CONS .(DIGIT 5)) .(.(CONS .(DIGIT 1)) .(.(CONS .(DIGIT 7)) .(.(CONS .(DIGIT 2)) NIL)))))))) = .(.(CONS .(DIGIT 4)) .(.(CONS .(DIGIT 9)) .(.(CONS .(DIGIT 5)) .(.(CONS .(DIGIT 1)) .(.(CONS .(DIGIT 7)) .(.(CONS .(DIGIT 2)) NIL)))))); .(C .(.(CONS .(DIGIT 5)) .(.(CONS .(DIGIT 8)) .(.(CONS .(DIGIT 1)) .(.(CONS .(DIGIT 0)) NIL))))) = .(.(CONS .(DIGIT 5)) .(.(CONS .(DIGIT 8)) .(.(CONS .(DIGIT 0)) NIL))); .(C .(.(CONS .(DIGIT 2)) .(.(CONS .(DIGIT 2)) .(.(CONS .(DIGIT 1)) .(.(CONS .(DIGIT 1)) .(.(CONS .(DIGIT 6)) .(.(CONS .(DIGIT 8)) .(.(CONS .(DIGIT 5)) .(.(CONS .(DIGIT 3)) .(.(CONS .(DIGIT 8)) NIL)))))))))) = .(.(CONS .(DIGIT 2)) .(.(CONS .(DIGIT 2)) .(.(CONS .(DIGIT 1)) .(.(CONS .(DIGIT 6)) .(.(CONS .(DIGIT 8)) .(.(CONS .(DIGIT 5)) .(.(CONS .(DIGIT 3)) .(.(CONS .(DIGIT 8)) NIL)))))))); C = TAIL;"
"c028",1,4,10,5400.9954880059995,3213359,true,-10.712816487385483,-144.76435467511658,-155.47717116250206,"C = TAIL;"
"c028",1,4,10,5401.3710563839995,3213414,true,-16.66345903997321,-128.70437607107374,-145.36783511104696,"C = .(.(IF FALSE) NIL);"
"c028",1,4,10,5401.564299676999,3213435,true,-8.060855752934316,-26.157501924138447,-34.21835767707276,".(C .(.(CONS .(DIGIT v0_)) .(.(CONS .(DIGIT v1_)) .(.(CONS .(DIGIT v2_)) v3_)))) = .(.(CONS .(DIGIT v0_)) .(.(CONS .(DIGIT v1_)) v3_)); .(C .(.(CONS .(DIGIT v0_)) .(.(CONS .(DIGIT v1_)) .(.(CONS .(DIGIT v2_)) .(.(CONS .(DIGIT v3_)) .(.(CONS .(DIGIT v4_)) v5_)))))) = .(.(CONS .(DIGIT v0_)) .(.(CONS .(DIGIT v2_)) .(.(CONS .(DIGIT v3_)) .(.(CONS .(DIGIT v4_)) v5_))));"
"c028",1,4,10,5401.651967661,3213447,true,-13.71451384040795,-5.026917786090437,-18.741431626498386,".(C .(.(CONS .(DIGIT 5)) .(.(CONS .(DIGIT 3)) .(.(CONS .(DIGIT 0)) NIL)))) = .(.(CONS .(DIGIT 5)) .(.(CONS .(DIGIT 3)) NIL)); .(C .(.(CONS .(DIGIT 2)) .(.(CONS .(DIGIT 7)) .(.(CONS .(DIGIT 0)) .(.(CONS .(DIGIT 7)) NIL))))) = .(.(CONS .(DIGIT 2)) .(.(CONS .(DIGIT 7)) .(.(CONS .(DIGIT 7)) NIL))); .(C .(.(CONS .(DIGIT 4)) .(.(CONS .(DIGIT 6)) .(.(CONS .(DIGIT 6)) .(.(CONS .(DIGIT 6)) .(.(CONS .(DIGIT 4)) .(.(CONS .(DIGIT 4)) .(.(CONS .(DIGIT 4)) .(.(CONS .(DIGIT 4)) NIL))))))))) = .(.(CONS .(DIGIT 4)) .(.(CONS .(DIGIT 6)) .(.(CONS .(DIGIT 6)) .(.(CONS .(DIGIT 4)) .(.(CONS .(DIGIT 4)) .(.(CONS .(DIGIT 4)) .(.(CONS .(DIGIT 4)) NIL))))))); .(C .(.(CONS .(DIGIT 7)) .(.(CONS .(DIGIT 8)) .(.(CONS .(DIGIT 6)) .(.(CONS .(DIGIT 1)) .(.(CONS .(DIGIT 2)) NIL)))))) = .(.(CONS .(DIGIT 7)) .(.(CONS .(DIGIT 8)) .(.(CONS .(DIGIT 1)) .(.(CONS .(DIGIT 2)) NIL)))); .(C .(.(CONS .(DIGIT 9)) .(.(CONS .(DIGIT 3)) .(.(CONS .(DIGIT 6)) .(.(CONS .(DIGIT 3)) .(.(CONS .(DIGIT 8)) .(.(CONS .(DIGIT 3)) .(.(CONS .(DIGIT 1)) .(.(CONS .(DIGIT 7)) .(.(CONS .(DIGIT 5)) .(.(CONS .(DIGIT 4)) NIL))))))))))) = .(.(CONS .(DIGIT 9)) .(.(CONS .(DIGIT 3)) .(.(CONS .(DIGIT 3)) .(.(CONS .(DIGIT 8)) .(.(CONS .(DIGIT 3)) .(.(CONS .(DIGIT 1)) .(.(CONS .(DIGIT 7)) .(.(CONS .(DIGIT 5)) .(.(CONS .(DIGIT 4)) NIL))))))))); .(C .(.(CONS .(DIGIT 4)) .(.(CONS .(DIGIT 3)) .(.(CONS .(DIGIT 9)) .(.(CONS .(DIGIT 5)) .(.(CONS .(DIGIT 1)) .(.(CONS .(DIGIT 7)) .(.(CONS .(DIGIT 2)) NIL)))))))) = .(.(CONS .(DIGIT 4)) .(.(CONS .(DIGIT 9)) .(.(CONS .(DIGIT 5)) .(.(CONS .(DIGIT 1)) .(.(CONS .(DIGIT 7)) .(.(CONS .(DIGIT 2)) NIL)))))); .(C .(.(CONS .(DIGIT 5)) .(.(CONS .(DIGIT 8)) .(.(CONS .(DIGIT 1)) .(.(CONS .(DIGIT 0)) NIL))))) = .(.(CONS .(DIGIT 5)) .(.(CONS .(DIGIT 8)) .(.(CONS .(DIGIT 0)) NIL))); .(C .(.(CONS .(DIGIT 2)) .(.(CONS .(DIGIT 2)) .(.(CONS .(DIGIT 1)) .(.(CONS .(DIGIT 1)) .(.(CONS .(DIGIT 6)) .(.(CONS .(DIGIT 8)) .(.(CONS .(DIGIT 5)) .(.(CONS .(DIGIT 3)) .(.(CONS .(DIGIT 8)) NIL)))))))))) = .(.(CONS .(DIGIT 2)) .(.(CONS .(DIGIT 2)) .(.(CONS .(DIGIT 1)) .(.(CONS .(DIGIT 6)) .(.(CONS .(DIGIT 8)) .(.(CONS .(DIGIT 5)) .(.(CONS .(DIGIT 3)) .(.(CONS .(DIGIT 8)) NIL)))))))); .(C v0_) = .(.(CONS .(DIGIT 0)) .(.(CONS .(DIGIT 8)) .(.(CONS .(DIGIT 0)) .(.(CONS .(DIGIT 0)) NIL))));"
"c028",1,4,11,6000.996641792999,3275849,true,-10.712816487385483,-156.51373103357795,-167.22654752096344,"C = TAIL;"
"c028",1,4,11,6001.436387831999,3275906,true,-16.66345903997321,-144.3177151287339,-160.98117416870713,"C = .(.(IF FALSE) NIL);"
"c028",1,4,11,6001.648333372,3275927,true,-8.060855752934316,-37.82397101586958,-45.8848267688039,".(C .(.(CONS .(DIGIT v0_)) .(.(CONS .(DIGIT v1_)) .(.(CONS .(DIGIT v2_)) v3_)))) = .(.(CONS .(DIGIT v0_)) .(.(CONS .(DIGIT v1_)) v3_)); .(C .(.(CONS .(DIGIT v0_)) .(.(CONS .(DIGIT v1_)) .(.(CONS .(DIGIT v2_)) .(.(CONS .(DIGIT v3_)) .(.(CONS .(DIGIT v4_)) v5_)))))) = .(.(CONS .(DIGIT v0_)) .(.(CONS .(DIGIT v2_)) .(.(CONS .(DIGIT v3_)) .(.(CONS .(DIGIT v4_)) v5_))));"
"c028",1,4,11,6002.82956641,3276040,true,-7.655390644826152,-37.82397101586958,-45.47936166069573,".(C .(.(CONS .(DIGIT v0_)) .(.(CONS .(DIGIT v1_)) .(.(CONS .(DIGIT v2_)) v3_)))) = .(.(CONS .(DIGIT v0_)) .(.(CONS .(DIGIT v1_)) v3_)); .(C .(.(CONS .(DIGIT v0_)) .(.(CONS .(DIGIT v1_)) .(.(CONS .(DIGIT v2_)) .(.(CONS .(DIGIT v3_)) .(.(CONS .(DIGIT v4_)) v5_)))))) = .(.(CONS .(DIGIT v0_)) .(.(CONS .(DIGIT v2_)) .(.(CONS .(DIGIT v3_)) .(.(CONS .(DIGIT v4_)) v5_))));"
"c028",1,4,11,6008.985894052999,3276549,true,-16.6505556351373,-6.131648838829067,-22.782204473966367,".(C .(.(CONS .(DIGIT 2)) .(.(CONS .(DIGIT 7)) .(.(CONS .(DIGIT 0)) .(.(CONS .(DIGIT 7)) NIL))))) = .(.(CONS .(DIGIT 2)) .(.(CONS .(DIGIT 7)) .(.(CONS .(DIGIT 7)) NIL))); .(C .(.(CONS .(DIGIT 4)) .(.(CONS .(DIGIT 6)) .(.(CONS .(DIGIT 6)) .(.(CONS .(DIGIT 6)) .(.(CONS .(DIGIT 4)) .(.(CONS .(DIGIT 4)) .(.(CONS .(DIGIT 4)) .(.(CONS .(DIGIT 4)) NIL))))))))) = .(.(CONS .(DIGIT 4)) .(.(CONS .(DIGIT 6)) .(.(CONS .(DIGIT 6)) .(.(CONS .(DIGIT 4)) .(.(CONS .(DIGIT 4)) .(.(CONS .(DIGIT 4)) .(.(CONS .(DIGIT 4)) NIL))))))); .(C .(.(CONS .(DIGIT 7)) .(.(CONS .(DIGIT 8)) .(.(CONS .(DIGIT 6)) .(.(CONS .(DIGIT 1)) .(.(CONS .(DIGIT 2)) NIL)))))) = .(.(CONS .(DIGIT 7)) .(.(CONS .(DIGIT 8)) .(.(CONS .(DIGIT 1)) .(.(CONS .(DIGIT 2)) NIL)))); .(C .(.(CONS .(DIGIT 9)) .(.(CONS .(DIGIT 3)) .(.(CONS .(DIGIT 6)) .(.(CONS .(DIGIT 3)) .(.(CONS .(DIGIT 8)) .(.(CONS .(DIGIT 3)) .(.(CONS .(DIGIT 1)) .(.(CONS .(DIGIT 7)) .(.(CONS .(DIGIT 5)) .(.(CONS .(DIGIT 4)) NIL))))))))))) = .(.(CONS .(DIGIT 9)) .(.(CONS .(DIGIT 3)) .(.(CONS .(DIGIT 3)) .(.(CONS .(DIGIT 8)) .(.(CONS .(DIGIT 3)) .(.(CONS .(DIGIT 1)) .(.(CONS .(DIGIT 7)) .(.(CONS .(DIGIT 5)) .(.(CONS .(DIGIT 4)) NIL))))))))); .(C .(.(CONS .(DIGIT 4)) .(.(CONS .(DIGIT 3)) .(.(CONS .(DIGIT 9)) .(.(CONS .(DIGIT 5)) .(.(CONS .(DIGIT 1)) .(.(CONS .(DIGIT 7)) .(.(CONS .(DIGIT 2)) NIL)))))))) = .(.(CONS .(DIGIT 4)) .(.(CONS .(DIGIT 9)) .(.(CONS .(DIGIT 5)) .(.(CONS .(DIGIT 1)) .(.(CONS .(DIGIT 7)) .(.(CONS .(DIGIT 2)) NIL)))))); .(C .(.(CONS .(DIGIT 2)) .(.(CONS .(DIGIT 2)) .(.(CONS .(DIGIT 1)) .(.(CONS .(DIGIT 1)) .(.(CONS .(DIGIT 6)) .(.(CONS .(DIGIT 8)) .(.(CONS .(DIGIT 5)) .(.(CONS .(DIGIT 3)) .(.(CONS .(DIGIT 8)) NIL)))))))))) = .(.(CONS .(DIGIT 2)) .(.(CONS .(DIGIT 2)) .(.(CONS .(DIGIT 1)) .(.(CONS .(DIGIT 6)) .(.(CONS .(DIGIT 8)) .(.(CONS .(DIGIT 5)) .(.(CONS .(DIGIT 3)) .(.(CONS .(DIGIT 8)) NIL)))))))); .(C .(.(CONS .(DIGIT 0)) .(.(CONS .(DIGIT 1)) .(.(CONS .(DIGIT 8)) .(.(CONS .(DIGIT 0)) .(.(CONS .(DIGIT 0)) NIL)))))) = .(.(CONS .(DIGIT 0)) .(.(CONS .(DIGIT 8)) .(.(CONS .(DIGIT 0)) .(.(CONS .(DIGIT 0)) NIL)))); .(C .(.(CONS .(DIGIT 1)) .(.(CONS .(DIGIT 8)) .(.(CONS .(DIGIT 5)) .(.(CONS .(DIGIT 4)) .(.(CONS .(DIGIT 3)) .(.(CONS .(DIGIT 2)) .(.(CONS .(DIGIT 0)) .(.(CONS .(DIGIT 6)) .(.(CONS .(DIGIT 7)) .(.(CONS .(DIGIT 9)) NIL))))))))))) = .(.(CONS .(DIGIT 1)) .(.(CONS .(DIGIT 5)) .(.(CONS .(DIGIT 4)) .(.(CONS .(DIGIT 3)) .(.(CONS .(DIGIT 2)) .(.(CONS .(DIGIT 0)) .(.(CONS .(DIGIT 6)) .(.(CONS .(DIGIT 7)) .(.(CONS .(DIGIT 9)) NIL))))))))); .(op26 .(.(CONS .(DIGIT 3)) .(.(CONS .(DIGIT 0)) NIL))) = 3; .(op26 .(.(CONS .(DIGIT 8)) .(.(CONS .(DIGIT 1)) .(.(CONS .(DIGIT 0)) NIL)))) = 8; .(op27 .(.(CONS .(DIGIT 3)) .(.(CONS .(DIGIT 0)) NIL))) = NIL; .(op27 .(.(CONS .(DIGIT 8)) .(.(CONS .(DIGIT 1)) .(.(CONS .(DIGIT 0)) NIL)))) = .(.(CONS .(DIGIT 0)) NIL); .(C .(.(CONS .(DIGIT 5)) v0_)) = .(.(CONS .(DIGIT 5)) .(.(CONS .(DIGIT .(op26 v0_))) .(op27 v0_))); C = TAIL;"
"c028",1,4,11,6010.079723896999,3276646,true,-13.901497410307716,-6.131648838624142,-20.033146248931857,".(C .(.(CONS .(DIGIT 5)) .(.(CONS .(DIGIT 3)) .(.(CONS .(DIGIT 0)) NIL)))) = .(.(CONS .(DIGIT 5)) .(.(CONS .(DIGIT 3)) NIL)); .(C .(.(CONS .(DIGIT 2)) .(.(CONS .(DIGIT 7)) .(.(CONS .(DIGIT 0)) .(.(CONS .(DIGIT 7)) NIL))))) = .(.(CONS .(DIGIT 2)) .(.(CONS .(DIGIT 7)) .(.(CONS .(DIGIT 7)) NIL))); .(C .(.(CONS .(DIGIT 4)) .(.(CONS .(DIGIT 6)) .(.(CONS .(DIGIT 6)) .(.(CONS .(DIGIT 6)) .(.(CONS .(DIGIT 4)) .(.(CONS .(DIGIT 4)) .(.(CONS .(DIGIT 4)) .(.(CONS .(DIGIT 4)) NIL))))))))) = .(.(CONS .(DIGIT 4)) .(.(CONS .(DIGIT 6)) .(.(CONS .(DIGIT 6)) .(.(CONS .(DIGIT 4)) .(.(CONS .(DIGIT 4)) .(.(CONS .(DIGIT 4)) .(.(CONS .(DIGIT 4)) NIL))))))); .(C .(.(CONS .(DIGIT 7)) .(.(CONS .(DIGIT 8)) .(.(CONS .(DIGIT 6)) .(.(CONS .(DIGIT 1)) .(.(CONS .(DIGIT 2)) NIL)))))) = .(.(CONS .(DIGIT 7)) .(.(CONS .(DIGIT 8)) .(.(CONS .(DIGIT 1)) .(.(CONS .(DIGIT 2)) NIL)))); .(C .(.(CONS .(DIGIT 9)) .(.(CONS .(DIGIT 3)) .(.(CONS .(DIGIT 6)) .(.(CONS .(DIGIT 3)) .(.(CONS .(DIGIT 8)) .(.(CONS .(DIGIT 3)) .(.(CONS .(DIGIT 1)) .(.(CONS .(DIGIT 7)) .(.(CONS .(DIGIT 5)) .(.(CONS .(DIGIT 4)) NIL))))))))))) = .(.(CONS .(DIGIT 9)) .(.(CONS .(DIGIT 3)) .(.(CONS .(DIGIT 3)) .(.(CONS .(DIGIT 8)) .(.(CONS .(DIGIT 3)) .(.(CONS .(DIGIT 1)) .(.(CONS .(DIGIT 7)) .(.(CONS .(DIGIT 5)) .(.(CONS .(DIGIT 4)) NIL))))))))); .(C .(.(CONS .(DIGIT 4)) .(.(CONS .(DIGIT 3)) .(.(CONS .(DIGIT 9)) .(.(CONS .(DIGIT 5)) .(.(CONS .(DIGIT 1)) .(.(CONS .(DIGIT 7)) .(.(CONS .(DIGIT 2)) NIL)))))))) = .(.(CONS .(DIGIT 4)) .(.(CONS .(DIGIT 9)) .(.(CONS .(DIGIT 5)) .(.(CONS .(DIGIT 1)) .(.(CONS .(DIGIT 7)) .(.(CONS .(DIGIT 2)) NIL)))))); .(C .(.(CONS .(DIGIT 5)) .(.(CONS .(DIGIT 8)) .(.(CONS .(DIGIT 1)) .(.(CONS .(DIGIT 0)) NIL))))) = .(.(CONS .(DIGIT 5)) .(.(CONS .(DIGIT 8)) .(.(CONS .(DIGIT 0)) NIL))); .(C .(.(CONS .(DIGIT 2)) .(.(CONS .(DIGIT 2)) .(.(CONS .(DIGIT 1)) .(.(CONS .(DIGIT 1)) .(.(CONS .(DIGIT 6)) .(.(CONS .(DIGIT 8)) .(.(CONS .(DIGIT 5)) .(.(CONS .(DIGIT 3)) .(.(CONS .(DIGIT 8)) NIL)))))))))) = .(.(CONS .(DIGIT 2)) .(.(CONS .(DIGIT 2)) .(.(CONS .(DIGIT 1)) .(.(CONS .(DIGIT 6)) .(.(CONS .(DIGIT 8)) .(.(CONS .(DIGIT 5)) .(.(CONS .(DIGIT 3)) .(.(CONS .(DIGIT 8)) NIL)))))))); .(C .(.(CONS .(DIGIT 0)) .(.(CONS .(DIGIT 1)) .(.(CONS .(DIGIT 8)) .(.(CONS .(DIGIT 0)) .(.(CONS .(DIGIT 0)) NIL)))))) = .(.(CONS .(DIGIT 0)) .(.(CONS .(DIGIT 8)) .(.(CONS .(DIGIT 0)) .(.(CONS .(DIGIT 0)) NIL)))); .(C v0_) = .(.(CONS .(DIGIT 1)) .(.(CONS .(DIGIT 5)) .(.(CONS .(DIGIT 4)) .(.(CONS .(DIGIT 3)) .(.(CONS .(DIGIT 2)) .(.(CONS .(DIGIT 0)) .(.(CONS .(DIGIT 6)) .(.(CONS .(DIGIT 7)) .(.(CONS .(DIGIT 9)) NIL)))))))));"
"c028",2,4,1,0.102809021,254,true,-14.125063705234222,-0.0010005003335835344,-14.126064205567806,".(C v0_) = NIL;"
"c028",2,4,2,602.11557573,1068586,true,-10.450452222917992,-0.12239912461093622,-10.572851347528928,".(C v0_) = .(.(CONS .(DIGIT 5)) .(.(CONS .(DIGIT 3)) NIL));"
"c028",2,4,3,1202.21535726,1750417,true,-12.049839799498592,-26.29450615206685,-38.344345951565444,".(C v0_) = .(.(CONS .(DIGIT 5)) .(.(CONS .(DIGIT 3)) NIL));"
"c028",2,4,3,1202.335090005,1750526,true,-13.117680429499947,-0.35417079842803634,-13.471851227927983,".(C .(.(CONS .(DIGIT v0_)) .(.(CONS .(DIGIT v1_)) .(.(CONS .(DIGIT v2_)) v3_)))) = .(.(CONS .(DIGIT v0_)) .(.(CONS .(DIGIT v1_)) v3_));"
"c028",2,4,3,1202.363661524,1750556,true,-13.030669052510317,-0.35417079842803634,-13.384839850938354,".(C .(.(CONS .(DIGIT v0_)) .(.(CONS .(DIGIT v1_)) .(v2_ v3_)))) = .(.(CONS .(DIGIT v0_)) .(.(CONS .(DIGIT v1_)) v3_));"
"c028",2,4,3,1202.367371818,1750559,true,-12.935358872705994,-0.35417079842803634,-13.28952967113403,".(C .(.(CONS .(DIGIT v0_)) .(.(CONS .(DIGIT v1_)) .(.(CONS v2_) v3_)))) = .(.(CONS .(DIGIT v0_)) .(.(CONS .(DIGIT v1_)) v3_));"
"c028",2,4,3,1202.814285114,1750992,true,-11.845045386852577,-0.35417079842803634,-12.199216185280614,".(C .(.(CONS .(DIGIT 5)) .(.(CONS .(DIGIT 3)) .(.(CONS .(DIGIT 0)) NIL)))) = .(.(CONS .(DIGIT 5)) .(.(CONS .(DIGIT 3)) NIL)); .(C v0_) = .(.(CONS .(DIGIT 2)) .(.(CONS .(DIGIT 7)) .(.(CONS .(DIGIT 7)) NIL)));"
"c028",2,4,4,1802.1048147449999,2219712,true,-12.485157870756437,-74.63175701410897,-87.11691488486541,".(C v0_) = .(.(CONS .(DIGIT 5)) .(.(CONS .(DIGIT 3)) NIL));"
"c028",2,4,4,1802.115563249,2219718,true,-7.860185057472165,-0.7113531363527814,-8.571538193824946,".(C .(.(CONS .(DIGIT v0_)) .(.(CONS .(DIGIT v1_)) .(.(CONS .(DIGIT v2_)) v3_)))) = .(.(CONS .(DIGIT v0_)) .(.(CONS .(DIGIT v1_)) v3_));"
"c028",2,4,4,1802.1564955689998,2219737,true,-7.336936913707618,-0.7113531363527814,-8.048290050060398,".(C .(.(CONS .(DIGIT v0_)) .(.(CONS .(DIGIT v1_)) .(.(CONS .(DIGIT v2_)) v3_)))) = .(.(CONS .(DIGIT v0_)) .(.(CONS .(DIGIT v1_)) v3_));"
"c028",2,4,5,2401.034516627,2482546,true,-19.14139702044512,-69.72327233590667,-88.86466935635178,"HEAD = HEAD; C = TAIL;"
"c028",2,4,5,2401.16100954,2482601,true,-7.860185057472165,-1.1588583883344998,-9.019043445806664,".(C .(.(CONS .(DIGIT v0_)) .(.(CONS .(DIGIT v1_)) .(.(CONS .(DIGIT v2_)) v3_)))) = .(.(CONS .(DIGIT v0_)) .(.(CONS .(DIGIT v1_)) v3_));"
"c028",2,4,5,2401.216633221,2482620,true,-7.336936913707618,-1.1588583883344998,-8.495795302042117,".(C .(.(CONS .(DIGIT v0_)) .(.(CONS .(DIGIT v1_)) .(.(CONS .(DIGIT v2_)) v3_)))) = .(.(CONS .(DIGIT v0_)) .(.(CONS .(DIGIT v1_)) v3_));"
